value,value,value,value,value,value,value,value,value,value,value,value,value,value,value,value,value,value,value,value,value,value,value,value,value,value,value,value,value,value,value,value,value,value,value,value,value,value,value,value,value,value,value,value,value,value,value,value,value,value,value,value,value,value,value,value,value,value,value,value,value,value,value,value,value,value,value,value,value,value,value,value,value,value,value,value,value,value,value,value,value,value,value,value,value,value,value,value,value,value,value,value,value,value,value,value,value,value,value,value,value,value,value,value,value,value,value,value,value,value,value,value,value,value,value,value,value,value,value,value,value,value,value,value,value,value,value,value,value,value,value,value,value,value,value,value,value,value,value,value,value,value,value,value,value,value,value,value,value,value,value,value,value,value,value,value,value,value,value,value,value,value,value,value,value,value,value,value,value,value,value,value,value,value,value,value,value,value,value,value,value,value,value,value,value,value,value,value,value,value,value,value,value,value,value,value,value,value,value,value,value,value,value,value,value,value,value,value,value,value,value,value,value,value,value,value,value,value,value,value,value,value,value,value,value,value,value,value,value,value,value,value,value,value,value,value,value,value,value,value,value,value,value,value,value,value,value,value,value,value,value,value,value,value,value,value,value,value,value,value,value,value,value,value,value,value,value,value,value,value,value,value,value,value,value,value,value,value,value,value,value,value,value,value,value,value,value,value,value,value,value,value,value,value,value,value,value,value,value,value,value,value,value,value,value,value,value,value,value,value,value,value,value,value,value,value,value,value,value,value,value,value,value,value,value,value,value,value,value,value,value,value,value,value,value,value,value,value,value,value,value,value,value,value,value,value,value,value,value,value,value,value,value,value,value,value,value,value,value,value,value,value,value,value,value,value,value,value,value,value,value,value,value,value,value,value,value,value,value,value,value,value,value,value,activity
0,0,0,0,0,0,0,0,0,0,0,0,0,0,-0,-0,-0,-0,0,0,-0,-0,0,0,0,0,0,0,0,0,0,0,0,0,0,0,0,0,-0,-0,-0,-0,0,0,-0,-0,0,0,0,0,0,0,0,0,0,0,0,0,0,0,0,0,-0,-0,-0,-0,0,0,-0,-0,0,0,0,0,0,0,0,0,0,0,0,0,0,0,0,0,-0,-0,-0,-0,0,0,-0,-0,0,0,0,0,0,0,0,0,0,0,0,0,0,0,0,0,-0,-0,-0,-0,0,0,-0,-0,0,0,0,0,0,0,0,0,0,0,0,0,0,0,0,0,-0,-0,-0,-0,0,0,-0,-0,0,0,0,0,0,0,0,0,0,0,0,0,0,0,0,0,-0,-0,-0,-0,0,0,-0,-0,0,0,0,0,0,0,0,0,0,0,0,0,0,0,0,0,-0,-0,-0,-0,0,0,-0,-0,0,0,0,0,0,0,0,0,0,0,0,0,0,0,0,0,-0,-0,-0,-0,0,0,-0,-0,0,0,0,0,0,0,0,0,0,0,0,0,0,0,0,0,-0,-0,-0,-0,0,0,-0,-0,0,0,0,0,0,0,0,0,0,0,0,0,0,0,0,0,-0,-0,-0,-0,0,0,-0,-0,0,0,0,0,0,0,0,0,0,0,0,0,0,0,0,0,-0,-0,-0,-0,0,0,-0,-0,0,0,0,0,0,0,0,0,0,0,0,0,0,0,0,0,-0,-0,-0,-0,0,0,-0,-0,0,0,0,0,0,0,0,0,0,0,0,0,0,0,0,0,-0,-0,-0,-0,0,0,-0,-0,0,0,0,0,0,0,0,0,0,0,0,0,0,0,0,0,-0,-0,-0,-0,0,0,-0,-0,0,0,0,0,0,0,0,0,0,0,0,0,0,0,0,0,-0,-0,-0,-0,0,0,-0,-0,0,0,handwaving
0,0,0,0,0,0,0,0,0,0,0,0,0,0,-0,-0,-0,-0,0,0,-0,-0,0,0,0,0,0,0,0,0,0,0,0,0,0,0,0,0,-0,-0,-0,-0,0,0,-0,-0,0,0,0,0,0,0,0,0,0,0,0,0,0,0,0,0,-0,-0,-0,-0,0,0,-0,-0,0,0,0,0,0,0,0,0,0,0,0,0,0,0,0,0,-0,-0,-0,-0,0,0,-0,-0,0,0,0,0,0,0,0,0,0,0,0,0,0,0,0,0,-0,-0,-0,-0,0,0,-0,-0,0,0,0,0,0,0,0,0,0,0,0,0,0,0,0,0,-0,-0,-0,-0,0,0,-0,-0,0,0,0,0,0,0,0,0,0,0,0,0,0,0,0,0,-0,-0,-0,-0,0,0,-0,-0,0,0,0,0,0,0,0,0,0,0,0,0,0,0,0,0,-0,-0,-0,-0,0,0,-0,-0,0,0,0,0,0,0,0,0,0,0,0,0,0,0,0,0,-0,-0,-0,-0,0,0,-0,-0,0,0,0,0,0,0,0,0,0,0,0,0,0,0,0,0,-0,-0,-0,-0,0,0,-0,-0,0,0,0,0,0,0,0,0,0,0,0,0,0,0,0,0,-0,-0,-0,-0,0,0,-0,-0,0,0,0,0,0,0,0,0,0,0,0,0,0,0,0,0,-0,-0,-0,-0,0,0,-0,-0,0,0,0,0,0,0,0,0,0,0,0,0,0,0,0,0,-0,-0,-0,-0,0,0,-0,-0,0,0,0,0,0,0,0,0,0,0,0,0,0,0,0,0,-0,-0,-0,-0,0,0,-0,-0,0,0,0,0,0,0,0,0,0,0,0,0,0,0,0,0,-0,-0,-0,-0,0,0,-0,-0,0,0,0,0,0,0,0,0,0,0,0,0,0,0,0,0,-0,-0,-0,-0,0,0,-0,-0,0,0,handwaving
0,0,0,0,0,0,0,0,0,0,0,0,0,0,-0,-0,-0,-0,0,0,-0,-0,0,0,0,0,0,0,0,0,0,0,0,0,0,0,0,0,-0,-0,-0,-0,0,0,-0,-0,0,0,0,0,0,0,0,0,0,0,0,0,0,0,0,0,-0,-0,-0,-0,0,0,-0,-0,0,0,0,0,0,0,0,0,0,0,0,0,0,0,0,0,-0,-0,-0,-0,0,0,-0,-0,0,0,0,0,0,0,0,0,0,0,0,0,0,0,0,0,-0,-0,-0,-0,0,0,-0,-0,0,0,0,0,0,0,0,0,0,0,0,0,0,0,0,0,-0,-0,-0,-0,0,0,-0,-0,0,0,0,0,0,0,0,0,0,0,0,0,0,0,0,0,-0,-0,-0,-0,0,0,-0,-0,0,0,0,0,0,0,0,0,0,0,0,0,0,0,0,0,-0,-0,-0,-0,0,0,-0,-0,0,0,0,0,0,0,0,0,0,0,0,0,0,0,0,0,-0,-0,-0,-0,0,0,-0,-0,0,0,0,0,0,0,0,0,0,0,0,0,0,0,0,0,-0,-0,-0,-0,0,0,-0,-0,0,0,0,0,0,0,0,0,0,0,0,0,0,0,0,0,-0,-0,-0,-0,0,0,-0,-0,0,0,0,0,0,0,0,0,0,0,0,0,0,0,0,0,-0,-0,-0,-0,0,0,-0,-0,0,0,0,0,0,0,0,0,0,0,0,0,0,0,0,0,-0,-0,-0,-0,0,0,-0,-0,0,0,0,0,0,0,0,0,0,0,0,0,0,0,0,0,-0,-0,-0,-0,0,0,-0,-0,0,0,0,0,0,0,0,0,0,0,0,0,0,0,0,0,-0,-0,-0,-0,0,0,-0,-0,0,0,0,0,0,0,0,0,0,0,0,0,0,0,0,0,-0,-0,-0,-0,0,0,-0,-0,0,0,handwaving
0,0,0,0,0,0,0,0,0,0,0,0,0,0,-0,-0,-0,-0,0,0,-0,-0,0,0,0,0,0,0,0,0,0,0,0,0,0,0,0,0,-0,-0,-0,-0,0,0,-0,-0,0,0,0,0,0,0,0,0,0,0,0,0,0,0,0,0,-0,-0,-0,-0,0,0,-0,-0,0,0,0,0,0,0,0,0,0,0,0,0,0,0,0,0,-0,-0,-0,-0,0,0,-0,-0,0,0,0,0,0,0,0,0,0,0,0,0,0,0,0,0,-0,-0,-0,-0,0,0,-0,-0,0,0,0,0,0,0,0,0,0,0,0,0,0,0,0,0,-0,-0,-0,-0,0,0,-0,-0,0,0,0,0,0,0,0,0,0,0,0,0,0,0,0,0,-0,-0,-0,-0,0,0,-0,-0,0,0,0,0,0,0,0,0,0,0,0,0,0,0,0,0,-0,-0,-0,-0,0,0,-0,-0,0,0,0,0,0,0,0,0,0,0,0,0,0,0,0,0,-0,-0,-0,-0,0,0,-0,-0,0,0,0,0,0,0,0,0,0,0,0,0,0,0,0,0,-0,-0,-0,-0,0,0,-0,-0,0,0,0,0,0,0,0,0,0,0,0,0,0,0,0,0,-0,-0,-0,-0,0,0,-0,-0,0,0,0,0,0,0,0,0,0,0,0,0,0,0,0,0,-0,-0,-0,-0,0,0,-0,-0,0,0,0.966676,0.391554,0.830508,0.152542,0,-0.220681,1,1.24993,0,0,2.11864,4.86441,0.816432,0.829072,0.0373039,0.43585,0.0373039,0.43585,0.0148602,0.0113411,0.0373039,0.185476,10908.1,-0.559257,0.966112,0.395957,0.844828,0.137931,0,0.102377,1,1.2497,0,0,2.12069,4.86207,0.830262,0.843044,0.0378181,0.428917,0.0378181,0.451482,0.0148514,0.011665,0.0378181,0.174226,11125.9,-0.488571,0.969238,0.494629,0.765625,0.015625,0,1.06402,1,1.2439,0,0,2.10938,4.85938,0.753662,0.9646,0.0349454,0.32689,0.0349454,0.32689,0.0149002,0.0149002,0.0349454,0.0349454,9928.04,-0.901743,0.962976,0.391242,0.924528,0.169811,-0.0192304,1.77934,1.90708,1.21787,0,0,2.13208,4.81132,0.907084,0.794589,0.0406412,0.438364,0.0406412,0.438364,0.0148024,0.0109754,0.0406412,0.19785,-0.203546,-0.594284,handwaving
0,0,0,0,0,0,0,0,0,0,0,0,0,0,-0,-0,-0,-0,0,0,-0,-0,0,0,0,0,0,0,0,0,0,0,0,0,0,0,0,0,-0,-0,-0,-0,0,0,-0,-0,0,0,0,0,0,0,0,0,0,0,0,0,0,0,0,0,-0,-0,-0,-0,0,0,-0,-0,0,0,0,0,0,0,0,0,0,0,0,0,0,0,0,0,-0,-0,-0,-0,0,0,-0,-0,0,0,0,0,0,0,0,0,0,0,0,0,0,0,0,0,-0,-0,-0,-0,0,0,-0,-0,0,0,0,0,0,0,0,0,0,0,0,0,0,0,0,0,-0,-0,-0,-0,0,0,-0,-0,0,0,0,0,0,0,0,0,0,0,0,0,0,0,0,0,-0,-0,-0,-0,0,0,-0,-0,0,0,0,0,0,0,0,0,0,0,0,0,0,0,0,0,-0,-0,-0,-0,0,0,-0,-0,0,0,0,0,0,0,0,0,0,0,0,0,0,0,0,0,-0,-0,-0,-0,0,0,-0,-0,0,0,0,0,0,0,0,0,0,0,0,0,0,0,0,0,-0,-0,-0,-0,0,0,-0,-0,0,0,0,0,0,0,0,0,0,0,0,0,0,0,0,0,-0,-0,-0,-0,0,0,-0,-0,0,0,0,0,0,0,0,0,0,0,0,0,0,0,0,0,-0,-0,-0,-0,0,0,-0,-0,0,0,0,0,0,0,0,0,0,0,0,0,0,0,0,0,-0,-0,-0,-0,0,0,-0,-0,0,0,0,0,0,0,0,0,0,0,0,0,0,0,0,0,-0,-0,-0,-0,0,0,-0,-0,0,0,0,0,0,0,0,0,0,0,0,0,0,0,0,0,-0,-0,-0,-0,0,0,-0,-0,0,0,0,0,0,0,0,0,0,0,0,0,0,0,0,0,-0,-0,-0,-0,0,0,-0,-0,0,0,handwaving
0,0,0,0,0,0,0,0,0,0,0,0,0,0,-0,-0,-0,-0,0,0,-0,-0,0,0,0,0,0,0,0,0,0,0,0,0,0,0,0,0,-0,-0,-0,-0,0,0,-0,-0,0,0,0,0,0,0,0,0,0,0,0,0,0,0,0,0,-0,-0,-0,-0,0,0,-0,-0,0,0,0,0,0,0,0,0,0,0,0,0,0,0,0,0,-0,-0,-0,-0,0,0,-0,-0,0,0,0,0,0,0,0,0,0,0,0,0,0,0,0,0,-0,-0,-0,-0,0,0,-0,-0,0,0,0,0,0,0,0,0,0,0,0,0,0,0,0,0,-0,-0,-0,-0,0,0,-0,-0,0,0,0,0,0,0,0,0,0,0,0,0,0,0,0,0,-0,-0,-0,-0,0,0,-0,-0,0,0,0,0,0,0,0,0,0,0,0,0,0,0,0,0,-0,-0,-0,-0,0,0,-0,-0,0,0,0,0,0,0,0,0,0,0,0,0,0,0,0,0,-0,-0,-0,-0,0,0,-0,-0,0,0,0,0,0,0,0,0,0,0,0,0,0,0,0,0,-0,-0,-0,-0,0,0,-0,-0,0,0,0,0,0,0,0,0,0,0,0,0,0,0,0,0,-0,-0,-0,-0,0,0,-0,-0,0,0,0,0,0,0,0,0,0,0,0,0,0,0,0,0,-0,-0,-0,-0,0,0,-0,-0,0,0,1,0.816743,0,0,0,0.999934,1,1.09163,0,0,8,4.20408,0,0.366514,-4.34882e-06,0.14311,-4.34882e-06,0.14311,0.0153809,0.0153809,-4.34882e-06,-4.34882e-06,-0,-0.99979,1,0.867347,0,0,0,0.999922,1,1.06633,0,0,8,4.14286,0,0.265306,-4.34882e-06,0.111743,-4.34882e-06,0.111743,0.0153809,0.0153809,-4.34882e-06,-4.34882e-06,-0,-0.99957,1,0.816743,0,0,0,0.999934,1,1.09163,0,0,8,4.20408,0,0.366514,-4.34882e-06,0.14311,-4.34882e-06,0.14311,0.0153809,0.0153809,-4.34882e-06,-4.34882e-06,-0,-0.99979,1,0.838025,0,0,0,0.99993,1,1.08099,0,0,8,4.17778,0,0.323951,-4.34882e-06,0.130262,-4.34882e-06,0.130262,0.0153809,0.0153809,-4.34882e-06,-4.34882e-06,-0,-0.999722,handwaving
0,0,0,0,0,0,0,0,0,0,0,0,0,0,-0,-0,-0,-0,0,0,-0,-0,0,0,0,0,0,0,0,0,0,0,0,0,0,0,0,0,-0,-0,-0,-0,0,0,-0,-0,0,0,0,0,0,0,0,0,0,0,0,0,0,0,0,0,-0,-0,-0,-0,0,0,-0,-0,0,0,0,0,0,0,0,0,0,0,0,0,0,0,0,0,-0,-0,-0,-0,0,0,-0,-0,0,0,0,0,0,0,0,0,0,0,0,0,0,0,0,0,-0,-0,-0,-0,0,0,-0,-0,0,0,0,0,0,0,0,0,0,0,0,0,0,0,0,0,-0,-0,-0,-0,0,0,-0,-0,0,0,0,0,0,0,0,0,0,0,0,0,0,0,0,0,-0,-0,-0,-0,0,0,-0,-0,0,0,0,0,0,0,0,0,0,0,0,0,0,0,0,0,-0,-0,-0,-0,0,0,-0,-0,0,0,0,0,0,0,0,0,0,0,0,0,0,0,0,0,-0,-0,-0,-0,0,0,-0,-0,0,0,0,0,0,0,0,0,0,0,0,0,0,0,0,0,-0,-0,-0,-0,0,0,-0,-0,0,0,0,0,0,0,0,0,0,0,0,0,0,0,0,0,-0,-0,-0,-0,0,0,-0,-0,0,0,0,0,0,0,0,0,0,0,0,0,0,0,0,0,-0,-0,-0,-0,0,0,-0,-0,0,0,0,0,0,0,0,0,0,0,0,0,0,0,0,0,-0,-0,-0,-0,0,0,-0,-0,0,0,0,0,0,0,0,0,0,0,0,0,0,0,0,0,-0,-0,-0,-0,0,0,-0,-0,0,0,0,0,0,0,0,0,0,0,0,0,0,0,0,0,-0,-0,-0,-0,0,0,-0,-0,0,0,0,0,0,0,0,0,0,0,0,0,0,0,0,0,-0,-0,-0,-0,0,0,-0,-0,0,0,handwaving
0,0,0,0,0,0,0,0,0,0,0,0,0,0,-0,-0,-0,-0,0,0,-0,-0,0,0,0,0,0,0,0,0,0,0,0,0,0,0,0,0,-0,-0,-0,-0,0,0,-0,-0,0,0,0,0,0,0,0,0,0,0,0,0,0,0,0,0,-0,-0,-0,-0,0,0,-0,-0,0,0,0,0,0,0,0,0,0,0,0,0,0,0,0,0,-0,-0,-0,-0,0,0,-0,-0,0,0,0,0,0,0,0,0,0,0,0,0,0,0,0,0,-0,-0,-0,-0,0,0,-0,-0,0,0,0,0,0,0,0,0,0,0,0,0,0,0,0,0,-0,-0,-0,-0,0,0,-0,-0,0,0,0,0,0,0,0,0,0,0,0,0,0,0,0,0,-0,-0,-0,-0,0,0,-0,-0,0,0,0,0,0,0,0,0,0,0,0,0,0,0,0,0,-0,-0,-0,-0,0,0,-0,-0,0,0,0,0,0,0,0,0,0,0,0,0,0,0,0,0,-0,-0,-0,-0,0,0,-0,-0,0,0,0,0,0,0,0,0,0,0,0,0,0,0,0,0,-0,-0,-0,-0,0,0,-0,-0,0,0,0,0,0,0,0,0,0,0,0,0,0,0,0,0,-0,-0,-0,-0,0,0,-0,-0,0,0,0,0,0,0,0,0,0,0,0,0,0,0,0,0,-0,-0,-0,-0,0,0,-0,-0,0,0,0,0,0,0,0,0,0,0,0,0,0,0,0,0,-0,-0,-0,-0,0,0,-0,-0,0,0,0,0,0,0,0,0,0,0,0,0,0,0,0,0,-0,-0,-0,-0,0,0,-0,-0,0,0,0,0,0,0,0,0,0,0,0,0,0,0,0,0,-0,-0,-0,-0,0,0,-0,-0,0,0,0,0,0,0,0,0,0,0,0,0,0,0,0,0,-0,-0,-0,-0,0,0,-0,-0,0,0,handwaving
0,0,0,0,0,0,0,0,0,0,0,0,0,0,-0,-0,-0,-0,0,0,-0,-0,0,0,0,0,0,0,0,0,0,0,0,0,0,0,0,0,-0,-0,-0,-0,0,0,-0,-0,0,0,0,0,0,0,0,0,0,0,0,0,0,0,0,0,-0,-0,-0,-0,0,0,-0,-0,0,0,0,0,0,0,0,0,0,0,0,0,0,0,0,0,-0,-0,-0,-0,0,0,-0,-0,0,0,0,0,0,0,0,0,0,0,0,0,0,0,0,0,-0,-0,-0,-0,0,0,-0,-0,0,0,0,0,0,0,0,0,0,0,0,0,0,0,0,0,-0,-0,-0,-0,0,0,-0,-0,0,0,0,0,0,0,0,0,0,0,0,0,0,0,0,0,-0,-0,-0,-0,0,0,-0,-0,0,0,0,0,0,0,0,0,0,0,0,0,0,0,0,0,-0,-0,-0,-0,0,0,-0,-0,0,0,0,0,0,0,0,0,0,0,0,0,0,0,0,0,-0,-0,-0,-0,0,0,-0,-0,0,0,0,0,0,0,0,0,0,0,0,0,0,0,0,0,-0,-0,-0,-0,0,0,-0,-0,0,0,0,0,0,0,0,0,0,0,0,0,0,0,0,0,-0,-0,-0,-0,0,0,-0,-0,0,0,0,0,0,0,0,0,0,0,0,0,0,0,0,0,-0,-0,-0,-0,0,0,-0,-0,0,0,0,0,0,0,0,0,0,0,0,0,0,0,0,0,-0,-0,-0,-0,0,0,-0,-0,0,0,0,0,0,0,0,0,0,0,0,0,0,0,0,0,-0,-0,-0,-0,0,0,-0,-0,0,0,0,0,0,0,0,0,0,0,0,0,0,0,0,0,-0,-0,-0,-0,0,0,-0,-0,0,0,0,0,0,0,0,0,0,0,0,0,0,0,0,0,-0,-0,-0,-0,0,0,-0,-0,0,0,handwaving
0,0,0,0,0,0,0,0,0,0,0,0,0,0,-0,-0,-0,-0,0,0,-0,-0,0,0,0,0,0,0,0,0,0,0,0,0,0,0,0,0,-0,-0,-0,-0,0,0,-0,-0,0,0,0,0,0,0,0,0,0,0,0,0,0,0,0,0,-0,-0,-0,-0,0,0,-0,-0,0,0,0,0,0,0,0,0,0,0,0,0,0,0,0,0,-0,-0,-0,-0,0,0,-0,-0,0,0,0,0,0,0,0,0,0,0,0,0,0,0,0,0,-0,-0,-0,-0,0,0,-0,-0,0,0,0,0,0,0,0,0,0,0,0,0,0,0,0,0,-0,-0,-0,-0,0,0,-0,-0,0,0,0,0,0,0,0,0,0,0,0,0,0,0,0,0,-0,-0,-0,-0,0,0,-0,-0,0,0,0,0,0,0,0,0,0,0,0,0,0,0,0,0,-0,-0,-0,-0,0,0,-0,-0,0,0,0,0,0,0,0,0,0,0,0,0,0,0,0,0,-0,-0,-0,-0,0,0,-0,-0,0,0,0,0,0,0,0,0,0,0,0,0,0,0,0,0,-0,-0,-0,-0,0,0,-0,-0,0,0,0,0,0,0,0,0,0,0,0,0,0,0,0,0,-0,-0,-0,-0,0,0,-0,-0,0,0,0,0,0,0,0,0,0,0,0,0,0,0,0,0,-0,-0,-0,-0,0,0,-0,-0,0,0,0,0,0,0,0,0,0,0,0,0,0,0,0,0,-0,-0,-0,-0,0,0,-0,-0,0,0,0,0,0,0,0,0,0,0,0,0,0,0,0,0,-0,-0,-0,-0,0,0,-0,-0,0,0,0,0,0,0,0,0,0,0,0,0,0,0,0,0,-0,-0,-0,-0,0,0,-0,-0,0,0,0,0,0,0,0,0,0,0,0,0,0,0,0,0,-0,-0,-0,-0,0,0,-0,-0,0,0,handwaving
0,0,0,0,0,0,0,0,0,0,0,0,0,0,-0,-0,-0,-0,0,0,-0,-0,0,0,0,0,0,0,0,0,0,0,0,0,0,0,0,0,-0,-0,-0,-0,0,0,-0,-0,0,0,0,0,0,0,0,0,0,0,0,0,0,0,0,0,-0,-0,-0,-0,0,0,-0,-0,0,0,0,0,0,0,0,0,0,0,0,0,0,0,0,0,-0,-0,-0,-0,0,0,-0,-0,0,0,0,0,0,0,0,0,0,0,0,0,0,0,0,0,-0,-0,-0,-0,0,0,-0,-0,0,0,0,0,0,0,0,0,0,0,0,0,0,0,0,0,-0,-0,-0,-0,0,0,-0,-0,0,0,0,0,0,0,0,0,0,0,0,0,0,0,0,0,-0,-0,-0,-0,0,0,-0,-0,0,0,0,0,0,0,0,0,0,0,0,0,0,0,0,0,-0,-0,-0,-0,0,0,-0,-0,0,0,1,1,0,0,0,0,1,1,0,0,14,8,0,0,-4.34882e-06,-4.34882e-06,-4.34882e-06,-4.34882e-06,0.0153809,0.0153809,-4.34882e-06,-4.34882e-06,-0,-0,1,1,0,0,0,0,1,1,0,0,14,8,0,0,-4.34882e-06,-4.34882e-06,-4.34882e-06,-4.34882e-06,0.0153809,0.0153809,-4.34882e-06,-4.34882e-06,-0,-0,1,1,0,0,0,0,1,1,0,0,14,8,0,0,-4.34882e-06,-4.34882e-06,-4.34882e-06,-4.34882e-06,0.0153809,0.0153809,-4.34882e-06,-4.34882e-06,-0,-0,1,1,0,0,0,0,1,1,0,0,14,8,0,0,-4.34882e-06,-4.34882e-06,-4.34882e-06,-4.34882e-06,0.0153809,0.0153809,-4.34882e-06,-4.34882e-06,-0,-0,0,0,0,0,0,0,0,0,0,0,0,0,0,0,-0,-0,-0,-0,0,0,-0,-0,0,0,0,0,0,0,0,0,0,0,0,0,0,0,0,0,-0,-0,-0,-0,0,0,-0,-0,0,0,0,0,0,0,0,0,0,0,0,0,0,0,0,0,-0,-0,-0,-0,0,0,-0,-0,0,0,0,0,0,0,0,0,0,0,0,0,0,0,0,0,-0,-0,-0,-0,0,0,-0,-0,0,0,handwaving
1,1,1,0,-1e+10,0,1,1,0,0,3,4,0,0,-4.34882e-06,-4.34882e-06,-4.34882e-06,-4.34882e-06,0.0153809,0.0153809,-4.34882e-06,-4.34882e-06,1.14974e+06,-0,0,0,0,0,0,0,0,0,0,0,0,0,0,0,-0,-0,-0,-0,0,0,-0,-0,0,0,0,0,0,0,0,0,0,0,0,0,0,0,0,0,-0,-0,-0,-0,0,0,-0,-0,0,0,0,0,0,0,0,0,0,0,0,0,0,0,0,0,-0,-0,-0,-0,0,0,-0,-0,0,0,0,0,0,0,0,0,0,0,0,0,0,0,0,0,-0,-0,-0,-0,0,0,-0,-0,0,0,0,0,0,0,0,0,0,0,0,0,0,0,0,0,-0,-0,-0,-0,0,0,-0,-0,0,0,0,0,0,0,0,0,0,0,0,0,0,0,0,0,-0,-0,-0,-0,0,0,-0,-0,0,0,0,0,0,0,0,0,0,0,0,0,0,0,0,0,-0,-0,-0,-0,0,0,-0,-0,0,0,0.630859,0.656738,0.09375,0.078125,-0.659223,-1.14279,1.13184,1.10938,0,0,13.6562,7.67188,0.475586,0.470459,0.293009,0.277954,0.31892,0.277954,0.0127258,0.0131302,0.135113,0.11906,-0.427081,-0.704592,0.6264,0.6904,0.12,0.06,2.08389,-0.70449,1.1476,1.1056,0,0,13.68,7.7,0.4176,0.45,0.294651,0.254469,0.327819,0.254469,0.0120809,0.0136184,0.159345,0.0985621,-0.269957,-0.72869,0.614645,0.682692,0.115385,0.0192308,3.19059,1.24756,1.16679,1.15533,0,0,13.6538,7.63462,0.457101,0.578033,0.304063,0.239747,0.326637,0.239747,0.0121911,0.0147915,0.155307,0.0412623,-0.346176,-0.815897,0.5776,0.6072,0.16,0.1,4.17956,2.09639,1.1824,1.1824,0,0,13.64,7.62,0.4304,0.5156,0.324096,0.310111,0.350273,0.310111,0.0111809,0.0125684,0.190937,0.141173,-0.28539,-0.495033,1,1,0,0,0,0,1,1,0,0,2,4,0,0,-4.34882e-06,-4.34882e-06,-4.34882e-06,-4.34882e-06,0.0153809,0.0153809,-4.34882e-06,-4.34882e-06,-0,-0,1,1,0,0,0,0,1,1,0,0,2,4,0,0,-4.34882e-06,-4.34882e-06,-4.34882e-06,-4.34882e-06,0.0153809,0.0153809,-4.34882e-06,-4.34882e-06,-0,-0,1,1,0,0,0,0,1,1,0,0,2,4,0,0,-4.34882e-06,-4.34882e-06,-4.34882e-06,-4.34882e-06,0.0153809,0.0153809,-4.34882e-06,-4.34882e-06,-0,-0,1,1,0,0,0,0,1,1,0,0,2,4,0,0,-4.34882e-06,-4.34882e-06,-4.34882e-06,-4.34882e-06,0.0153809,0.0153809,-4.34882e-06,-4.34882e-06,-0,-0,handwaving
0,0,0,0,0,0,0,0,0,0,0,0,0,0,-0,-0,-0,-0,0,0,-0,-0,0,0,0,0,0,0,0,0,0,0,0,0,0,0,0,0,-0,-0,-0,-0,0,0,-0,-0,0,0,0,0,0,0,0,0,0,0,0,0,0,0,0,0,-0,-0,-0,-0,0,0,-0,-0,0,0,0,0,0,0,0,0,0,0,0,0,0,0,0,0,-0,-0,-0,-0,0,0,-0,-0,0,0,0,0,0,0,0,0,0,0,0,0,0,0,0,0,-0,-0,-0,-0,0,0,-0,-0,0,0,0,0,0,0,0,0,0,0,0,0,0,0,0,0,-0,-0,-0,-0,0,0,-0,-0,0,0,0,0,0,0,0,0,0,0,0,0,0,0,0,0,-0,-0,-0,-0,0,0,-0,-0,0,0,0,0,0,0,0,0,0,0,0,0,0,0,0,0,-0,-0,-0,-0,0,0,-0,-0,0,0,0,0,0,0,0,0,0,0,0,0,0,0,0,0,-0,-0,-0,-0,0,0,-0,-0,0,0,0,0,0,0,0,0,0,0,0,0,0,0,0,0,-0,-0,-0,-0,0,0,-0,-0,0,0,0,0,0,0,0,0,0,0,0,0,0,0,0,0,-0,-0,-0,-0,0,0,-0,-0,0,0,0,0,0,0,0,0,0,0,0,0,0,0,0,0,-0,-0,-0,-0,0,0,-0,-0,0,0,0,0,0,0,0,0,0,0,0,0,0,0,0,0,-0,-0,-0,-0,0,0,-0,-0,0,0,0,0,0,0,0,0,0,0,0,0,0,0,0,0,-0,-0,-0,-0,0,0,-0,-0,0,0,0,0,0,0,0,0,0,0,0,0,0,0,0,0,-0,-0,-0,-0,0,0,-0,-0,0,0,0,0,0,0,0,0,0,0,0,0,0,0,0,0,-0,-0,-0,-0,0,0,-0,-0,0,0,handwaving
0.484444,0.573333,0.2,0.533333,-0.0227252,1.34088,1.19556,1.78222,0,0,4.46667,7.2,0.515556,2.02667,0.37385,0.332116,0.429133,0.332116,0.0103809,0.0117697,0.217313,0.170528,-0.179748,-0.448679,0.38,0.46,0.5,1.6,-0.90472,0.999978,1.21,1.84,0,0,4.5,7.2,0.25,0.96,0.301021,0.292277,0.44716,0.38996,0.00756836,0.00788086,0.301021,0.292277,-0.175727,-0.252637,0.375,0.4375,0.375,1,1.33327,0.333326,1.1875,1.75,0,0,4.625,7,0.734375,2,0.448913,0.390963,0.540248,0.466216,0.00805664,0.00952148,0.287305,0.24421,-0.881358,-0.0909152,0.507812,0.59375,0.1875,0.5,2.64089,-0.714264,1.15234,1.4375,0,0,4.5625,7.25,0.871094,1.9375,0.412888,0.319464,0.412888,0.319464,0.0106201,0.0119629,0.209572,0.163621,-1.46717,-0.692995,0,0,0,0,0,0,0,0,0,0,0,0,0,0,-0,-0,-0,-0,0,0,-0,-0,0,0,0,0,0,0,0,0,0,0,0,0,0,0,0,0,-0,-0,-0,-0,0,0,-0,-0,0,0,0,0,0,0,0,0,0,0,0,0,0,0,0,0,-0,-0,-0,-0,0,0,-0,-0,0,0,0,0,0,0,0,0,0,0,0,0,0,0,0,0,-0,-0,-0,-0,0,0,-0,-0,0,0,0.650597,1,0.0454545,0,-0.963583,0,1.13889,1,0,0,13.6212,8,0.568641,0,0.272276,-4.34882e-06,0.272276,-4.34882e-06,0.014025,0.0153809,0.0802956,-4.34882e-06,-0.770776,-0,0.7192,1,0.06,0,-2.99959,0,1.09,1,0,0,13.74,8,0.3924,0,0.236903,-4.34882e-06,0.236903,-4.34882e-06,0.0136184,0.0153809,0.0985621,-4.34882e-06,-0.72722,-0,0.738697,1,0.0188679,0,0.0124123,0,1.11463,1,0,0,13.717,8,0.46707,0,0.208975,-4.34882e-06,0.208975,-4.34882e-06,0.0148024,0.0153809,0.0406412,-4.34882e-06,-0.858016,-0,0.682449,1,0.0377358,0,2.23244,0,1.15308,1,0,0,13.6604,8,0.526166,0,0.251321,-4.34882e-06,0.251321,-4.34882e-06,0.0142461,0.0153809,0.069774,-4.34882e-06,-0.691368,-0,0.550781,0.494141,0.03125,0.03125,0.703682,0.999959,1.42188,1.24121,0,0,8.71875,3.21875,1.63965,0.920898,0.372447,0.341184,0.372447,0.341184,0.0144348,0.0144348,0.0603846,0.0603846,-0.836288,-0.819348,0.431837,0.431837,0.2,0.0857143,-0.65394,0.99996,1.53551,1.2498,0,0,8.82857,3.11429,1.57061,0.901224,0.504526,0.399139,0.504526,0.399139,0.0103809,0.0129319,0.217313,0.127026,-0.547492,-0.666197,0.580078,0.529297,0.125,0.03125,-0.361691,0.999958,1.41309,1.22559,0,0,8.5625,3.34375,1.18359,0.850586,0.387611,0.324931,0.387611,0.324931,0.0119629,0.0144348,0.163621,0.0603846,-0.594815,-0.805867,0.668934,0.591837,0.0952381,0,-0.549158,0.999956,1.27664,1.20408,0,0,8.38095,3.42857,0.712018,0.816327,0.297455,0.259816,0.297455,0.259816,0.0126881,0.0153809,0.136574,-4.34882e-06,-0.619679,-0.999985,handwaving
0,0,0,0,0,0,0,0,0,0,0,0,0,0,-0,-0,-0,-0,0,0,-0,-0,0,0,0,0,0,0,0,0,0,0,0,0,0,0,0,0,-0,-0,-0,-0,0,0,-0,-0,0,0,0,0,0,0,0,0,0,0,0,0,0,0,0,0,-0,-0,-0,-0,0,0,-0,-0,0,0,0,0,0,0,0,0,0,0,0,0,0,0,0,0,-0,-0,-0,-0,0,0,-0,-0,0,0,0,0,0,0,0,0,0,0,0,0,0,0,0,0,-0,-0,-0,-0,0,0,-0,-0,0,0,0,0,0,0,0,0,0,0,0,0,0,0,0,0,-0,-0,-0,-0,0,0,-0,-0,0,0,0,0,0,0,0,0,0,0,0,0,0,0,0,0,-0,-0,-0,-0,0,0,-0,-0,0,0,0,0,0,0,0,0,0,0,0,0,0,0,0,0,-0,-0,-0,-0,0,0,-0,-0,0,0,0,0,0,0,0,0,0,0,0,0,0,0,0,0,-0,-0,-0,-0,0,0,-0,-0,0,0,0,0,0,0,0,0,0,0,0,0,0,0,0,0,-0,-0,-0,-0,0,0,-0,-0,0,0,0,0,0,0,0,0,0,0,0,0,0,0,0,0,-0,-0,-0,-0,0,0,-0,-0,0,0,0,0,0,0,0,0,0,0,0,0,0,0,0,0,-0,-0,-0,-0,0,0,-0,-0,0,0,0,0,0,0,0,0,0,0,0,0,0,0,0,0,-0,-0,-0,-0,0,0,-0,-0,0,0,0,0,0,0,0,0,0,0,0,0,0,0,0,0,-0,-0,-0,-0,0,0,-0,-0,0,0,0,0,0,0,0,0,0,0,0,0,0,0,0,0,-0,-0,-0,-0,0,0,-0,-0,0,0,0,0,0,0,0,0,0,0,0,0,0,0,0,0,-0,-0,-0,-0,0,0,-0,-0,0,0,handwaving
0,0,0,0,0,0,0,0,0,0,0,0,0,0,-0,-0,-0,-0,0,0,-0,-0,0,0,0,0,0,0,0,0,0,0,0,0,0,0,0,0,-0,-0,-0,-0,0,0,-0,-0,0,0,0,0,0,0,0,0,0,0,0,0,0,0,0,0,-0,-0,-0,-0,0,0,-0,-0,0,0,0,0,0,0,0,0,0,0,0,0,0,0,0,0,-0,-0,-0,-0,0,0,-0,-0,0,0,0,0,0,0,0,0,0,0,0,0,0,0,0,0,-0,-0,-0,-0,0,0,-0,-0,0,0,0,0,0,0,0,0,0,0,0,0,0,0,0,0,-0,-0,-0,-0,0,0,-0,-0,0,0,0,0,0,0,0,0,0,0,0,0,0,0,0,0,-0,-0,-0,-0,0,0,-0,-0,0,0,0,0,0,0,0,0,0,0,0,0,0,0,0,0,-0,-0,-0,-0,0,0,-0,-0,0,0,0,0,0,0,0,0,0,0,0,0,0,0,0,0,-0,-0,-0,-0,0,0,-0,-0,0,0,0,0,0,0,0,0,0,0,0,0,0,0,0,0,-0,-0,-0,-0,0,0,-0,-0,0,0,0,0,0,0,0,0,0,0,0,0,0,0,0,0,-0,-0,-0,-0,0,0,-0,-0,0,0,0,0,0,0,0,0,0,0,0,0,0,0,0,0,-0,-0,-0,-0,0,0,-0,-0,0,0,0,0,0,0,0,0,0,0,0,0,0,0,0,0,-0,-0,-0,-0,0,0,-0,-0,0,0,0,0,0,0,0,0,0,0,0,0,0,0,0,0,-0,-0,-0,-0,0,0,-0,-0,0,0,0,0,0,0,0,0,0,0,0,0,0,0,0,0,-0,-0,-0,-0,0,0,-0,-0,0,0,0,0,0,0,0,0,0,0,0,0,0,0,0,0,-0,-0,-0,-0,0,0,-0,-0,0,0,handwaving
0,0,0,0,0,0,0,0,0,0,0,0,0,0,-0,-0,-0,-0,0,0,-0,-0,0,0,0,0,0,0,0,0,0,0,0,0,0,0,0,0,-0,-0,-0,-0,0,0,-0,-0,0,0,0,0,0,0,0,0,0,0,0,0,0,0,0,0,-0,-0,-0,-0,0,0,-0,-0,0,0,0,0,0,0,0,0,0,0,0,0,0,0,0,0,-0,-0,-0,-0,0,0,-0,-0,0,0,0,0,0,0,0,0,0,0,0,0,0,0,0,0,-0,-0,-0,-0,0,0,-0,-0,0,0,0,0,0,0,0,0,0,0,0,0,0,0,0,0,-0,-0,-0,-0,0,0,-0,-0,0,0,0,0,0,0,0,0,0,0,0,0,0,0,0,0,-0,-0,-0,-0,0,0,-0,-0,0,0,0,0,0,0,0,0,0,0,0,0,0,0,0,0,-0,-0,-0,-0,0,0,-0,-0,0,0,0,0,0,0,0,0,0,0,0,0,0,0,0,0,-0,-0,-0,-0,0,0,-0,-0,0,0,0,0,0,0,0,0,0,0,0,0,0,0,0,0,-0,-0,-0,-0,0,0,-0,-0,0,0,0,0,0,0,0,0,0,0,0,0,0,0,0,0,-0,-0,-0,-0,0,0,-0,-0,0,0,0,0,0,0,0,0,0,0,0,0,0,0,0,0,-0,-0,-0,-0,0,0,-0,-0,0,0,0,0,0,0,0,0,0,0,0,0,0,0,0,0,-0,-0,-0,-0,0,0,-0,-0,0,0,0,0,0,0,0,0,0,0,0,0,0,0,0,0,-0,-0,-0,-0,0,0,-0,-0,0,0,0,0,0,0,0,0,0,0,0,0,0,0,0,0,-0,-0,-0,-0,0,0,-0,-0,0,0,0,0,0,0,0,0,0,0,0,0,0,0,0,0,-0,-0,-0,-0,0,0,-0,-0,0,0,handwaving
0,0,0,0,0,0,0,0,0,0,0,0,0,0,-0,-0,-0,-0,0,0,-0,-0,0,0,0,0,0,0,0,0,0,0,0,0,0,0,0,0,-0,-0,-0,-0,0,0,-0,-0,0,0,0,0,0,0,0,0,0,0,0,0,0,0,0,0,-0,-0,-0,-0,0,0,-0,-0,0,0,0,0,0,0,0,0,0,0,0,0,0,0,0,0,-0,-0,-0,-0,0,0,-0,-0,0,0,0,0,0,0,0,0,0,0,0,0,0,0,0,0,-0,-0,-0,-0,0,0,-0,-0,0,0,0,0,0,0,0,0,0,0,0,0,0,0,0,0,-0,-0,-0,-0,0,0,-0,-0,0,0,0,0,0,0,0,0,0,0,0,0,0,0,0,0,-0,-0,-0,-0,0,0,-0,-0,0,0,0,0,0,0,0,0,0,0,0,0,0,0,0,0,-0,-0,-0,-0,0,0,-0,-0,0,0,0,0,0,0,0,0,0,0,0,0,0,0,0,0,-0,-0,-0,-0,0,0,-0,-0,0,0,0,0,0,0,0,0,0,0,0,0,0,0,0,0,-0,-0,-0,-0,0,0,-0,-0,0,0,0,0,0,0,0,0,0,0,0,0,0,0,0,0,-0,-0,-0,-0,0,0,-0,-0,0,0,0,0,0,0,0,0,0,0,0,0,0,0,0,0,-0,-0,-0,-0,0,0,-0,-0,0,0,0,0,0,0,0,0,0,0,0,0,0,0,0,0,-0,-0,-0,-0,0,0,-0,-0,0,0,0,0,0,0,0,0,0,0,0,0,0,0,0,0,-0,-0,-0,-0,0,0,-0,-0,0,0,0,0,0,0,0,0,0,0,0,0,0,0,0,0,-0,-0,-0,-0,0,0,-0,-0,0,0,0,0,0,0,0,0,0,0,0,0,0,0,0,0,-0,-0,-0,-0,0,0,-0,-0,0,0,handwaving
0.42602,0.456633,5.25,0.0714286,0.569228,0.850234,13.1875,1.23852,0,0,2.03571,6.78571,42.1875,0.882653,0.408833,0.380431,0.408833,0.401929,0.0123914,0.0133082,0.147868,0.111743,-0.614624,-0.618667,0.434911,0.423077,3.76923,0.192308,0.999994,-1.36359,12.9601,1.24408,0,0,1.69231,6.65385,44.9408,0.68787,0.394243,0.422455,0.394243,0.422455,0.0131619,0.0105269,0.117767,0.212601,-0.702491,-0.484566,0.372176,0.369798,10.1379,0.241379,0.999994,-1.23073,11.4875,1.24732,0,0,2.82759,6.72414,37.4055,0.682521,0.451941,0.446084,0.451941,0.489072,0.010253,0.0096585,0.221401,0.240011,-0.58654,-0.310579,0.357278,0.345936,17.0435,0.304348,0.999993,-1.78781,9.33648,1.24953,0,0,4,6.73913,29.6408,0.627599,0.460864,0.454504,0.460864,0.508707,0.00829201,0.0087646,0.280585,0.266867,-0.824084,-0.280428,0,0,0,0,0,0,0,0,0,0,0,0,0,0,-0,-0,-0,-0,0,0,-0,-0,0,0,0,0,0,0,0,0,0,0,0,0,0,0,0,0,-0,-0,-0,-0,0,0,-0,-0,0,0,0,0,0,0,0,0,0,0,0,0,0,0,0,0,-0,-0,-0,-0,0,0,-0,-0,0,0,0,0,0,0,0,0,0,0,0,0,0,0,0,0,-0,-0,-0,-0,0,0,-0,-0,0,0,1,0.4454,0,0.11,0,0.023772,1,1.2356,0,0,14,8.71,0,0.8059,-4.34882e-06,0.397495,-4.34882e-06,0.425483,0.0153809,0.0123215,-4.34882e-06,0.150481,-0,-0.487769,1,0.458654,0,0.0898876,0,0.143314,1,1.23608,0,0,14,8.7191,0,0.831208,-4.34882e-06,0.386099,-4.34882e-06,0.408047,0.0153809,0.0128244,-4.34882e-06,0.131269,-0,-0.554672,1,0.511579,0,0.0326087,0,1.09579,1,1.22684,0,0,14,8.70652,0,0.881262,-4.34882e-06,0.333966,-4.34882e-06,0.342976,0.0153809,0.0143951,-4.34882e-06,0.0623979,-0,-0.788209,1,0.426395,0,0.125,0,1.60683,1,1.22469,0,0,14,8.73864,0,0.806689,-4.34882e-06,0.409803,-4.34882e-06,0.441608,0.0153809,0.0119629,-4.34882e-06,0.163621,-0,-0.473561,0,0,0,0,0,0,0,0,0,0,0,0,0,0,-0,-0,-0,-0,0,0,-0,-0,0,0,0,0,0,0,0,0,0,0,0,0,0,0,0,0,-0,-0,-0,-0,0,0,-0,-0,0,0,0,0,0,0,0,0,0,0,0,0,0,0,0,0,-0,-0,-0,-0,0,0,-0,-0,0,0,0,0,0,0,0,0,0,0,0,0,0,0,0,0,-0,-0,-0,-0,0,0,-0,-0,0,0,handwaving
0.276899,0.28425,6.97761,0.30597,0.600606,0.361838,12.4727,1.61979,0,0,2.5,3.42537,38.8853,1.91607,0.632949,0.618702,0.667269,0.664491,0.00999791,0.00990741,0.300715,0.264542,-0.447896,-0.488616,0.259293,0.277501,8.04964,0.312057,0.595014,0.413992,12.6107,1.62934,0,0,2.65957,3.39007,37.9618,1.81238,0.647574,0.617093,0.695518,0.689833,0.00900857,0.00972219,0.343765,0.269716,-0.376873,-0.400553,0.291962,0.324466,4.82014,0.115108,0.85058,0.910401,12.4114,1.64251,0,0,2.14388,3.45324,40.9849,2.29098,0.610081,0.586713,0.659921,0.601791,0.0106515,0.0121978,0.268663,0.155062,-0.46133,-0.681676,0.242222,0.254583,9.76667,0.383333,0.734694,1.13862,12.4649,1.48083,0,0,2.95,3.41667,36.3308,1.77639,0.665039,0.634482,0.723271,0.682293,0.00784831,0.00849501,0.397921,0.305959,-0.29884,-0.551532,0.802469,0.276235,0,0.0555556,0.999936,0.867329,1.09877,2.67515,0,0,12.2222,6.66667,0.395062,6.38889,0.151487,0.611978,0.151487,0.611978,0.0153809,0.0137412,-4.34882e-06,0.0931731,-0.999825,-0.941759,0.78696,0.221304,0.121212,0.69697,-5.82712,0.661802,1.10652,2.70248,0,0,12.1212,6.81818,0.10652,6.08815,0.160391,0.706295,0.160391,0.735893,0.0120521,0.00680074,0.160391,0.391743,-0.349863,-0.708825,0.802469,0.239506,0.111111,0.644444,-5.74957,0.815094,1.09877,2.56247,0,0,12.1111,6.46667,0.0987654,5.93778,0.151487,0.687921,0.151487,0.760348,0.0122944,0.00723271,0.151487,0.377423,-0.337662,-0.593453,0.792388,0.223183,0.117647,0.735294,-5.7998,0.921644,1.10381,2.50173,0,0,12.1176,6.61765,0.103806,6.00086,0.157297,0.702456,0.157297,0.758798,0.0121369,0.0070277,0.157297,0.391377,-0.345565,-0.610166,0.812644,0.42197,0.0434783,0.101449,-3.7765,0.0264567,1.05461,1.23819,0,0,13.8406,7.14493,0.249947,0.877547,0.172635,0.407939,0.172635,0.426004,0.0140812,0.0125322,0.0776627,0.142551,-0.751015,-0.582272,0.830744,0.438016,0.0363636,0.0909091,-3.23074,1.73327,1.05157,1.24793,0,0,13.8545,7.18182,0.233388,0.876033,0.15886,0.398003,0.15886,0.398003,0.0142858,0.0127982,0.0678325,0.132293,-0.761184,-0.645829,0.790865,0.396725,0,0.152542,0.999938,2.2206,1.10457,1.24993,0,0,13.7627,7.16949,0.418271,0.81873,0.158168,0.433171,0.158168,0.433171,0.0153809,0.0113411,-4.34882e-06,0.185476,-0.999847,-0.553235,0.766118,0.362826,0.0555556,0.222222,3.46186,2.78747,1.11283,1.24863,0,0,13.7963,7.14815,0.310357,0.75583,0.205933,0.458005,0.205933,0.458005,0.0137412,0.00997962,0.0931731,0.23004,-0.496122,-0.520218,0,0,0,0,0,0,0,0,0,0,0,0,0,0,-0,-0,-0,-0,0,0,-0,-0,0,0,0,0,0,0,0,0,0,0,0,0,0,0,0,0,-0,-0,-0,-0,0,0,-0,-0,0,0,0,0,0,0,0,0,0,0,0,0,0,0,0,0,-0,-0,-0,-0,0,0,-0,-0,0,0,0,0,0,0,0,0,0,0,0,0,0,0,0,0,-0,-0,-0,-0,0,0,-0,-0,0,0,handwaving
0,0,0,0,0,0,0,0,0,0,0,0,0,0,-0,-0,-0,-0,0,0,-0,-0,0,0,0,0,0,0,0,0,0,0,0,0,0,0,0,0,-0,-0,-0,-0,0,0,-0,-0,0,0,0,0,0,0,0,0,0,0,0,0,0,0,0,0,-0,-0,-0,-0,0,0,-0,-0,0,0,0,0,0,0,0,0,0,0,0,0,0,0,0,0,-0,-0,-0,-0,0,0,-0,-0,0,0,0.337278,0.254438,0.153846,0,0.586353,0.999983,2.30177,2.31361,0,0,10,5.23077,5.69231,5.25444,0.612552,0.598362,0.612552,0.598362,0.0113128,0.0153809,0.186444,-4.34882e-06,-0.821759,-0.99994,0.207101,0.147929,1.15385,1.30769,0.999981,0.472965,2.30177,2.31361,0,0,10.2308,5.15385,5.10059,4.28402,0.706146,0.754771,0.798762,0.864867,0.00650512,0.00595039,0.395637,0.473624,-1.04335,-0.554551,0.192308,0.147929,1.11538,1.30769,1.17087,0.472965,2.57544,2.31361,0,0,10.2692,5.15385,5.35059,4.28402,0.818849,0.754771,0.897045,0.864867,0.00599661,0.00595039,0.464884,0.473624,-0.448082,-0.554551,0.236111,0.138889,1.16667,1.41667,1.35591,0.368414,2.63889,2.1875,0,0,10,5.41667,4.83333,3.74306,0.687574,0.759188,0.737742,0.87846,0.00648329,0.00561523,0.416742,0.489402,-0.582914,-0.535255,1,1,0,0,0,0,1,1,0,0,14,8,0,0,-4.34882e-06,-4.34882e-06,-4.34882e-06,-4.34882e-06,0.0153809,0.0153809,-4.34882e-06,-4.34882e-06,-0,-0,1,1,0,0,0,0,1,1,0,0,14,8,0,0,-4.34882e-06,-4.34882e-06,-4.34882e-06,-4.34882e-06,0.0153809,0.0153809,-4.34882e-06,-4.34882e-06,-0,-0,1,1,0,0,0,0,1,1,0,0,14,8,0,0,-4.34882e-06,-4.34882e-06,-4.34882e-06,-4.34882e-06,0.0153809,0.0153809,-4.34882e-06,-4.34882e-06,-0,-0,1,1,0,0,0,0,1,1,0,0,14,8,0,0,-4.34882e-06,-4.34882e-06,-4.34882e-06,-4.34882e-06,0.0153809,0.0153809,-4.34882e-06,-4.34882e-06,-0,-0,0,0,0,0,0,0,0,0,0,0,0,0,0,0,-0,-0,-0,-0,0,0,-0,-0,0,0,0,0,0,0,0,0,0,0,0,0,0,0,0,0,-0,-0,-0,-0,0,0,-0,-0,0,0,0,0,0,0,0,0,0,0,0,0,0,0,0,0,-0,-0,-0,-0,0,0,-0,-0,0,0,0,0,0,0,0,0,0,0,0,0,0,0,0,0,-0,-0,-0,-0,0,0,-0,-0,0,0,handwaving
0.258781,0.267433,0.505682,0.522727,1.05054,0.977178,2.12384,2.24574,0,0,5.10795,3.86364,4.16448,4.9814,0.73542,0.651645,0.788563,0.725432,0.0100854,0.0102247,0.270857,0.284652,-0.628937,-0.545896,0.234097,0.246755,0.677215,0.664557,1.14125,0.902151,2.07519,2.22917,0,0,5.09494,3.8038,3.83276,4.85391,0.763024,0.652935,0.83011,0.743629,0.00811039,0.00863239,0.342318,0.351817,-0.575602,-0.49021,0.279071,0.293243,0.384181,0.19774,0.924576,0.93316,2.19876,2.35274,0,0,5.12994,3.85876,4.25995,5.35293,0.720766,0.620731,0.757012,0.675407,0.0106089,0.0113959,0.219887,0.204025,-0.647951,-0.625557,0.239506,0.277161,0.55,0.55,0.523789,0.65597,2.2833,2.42111,0,0,5.07222,3.80556,4.11145,4.75664,0.75768,0.633341,0.853235,0.722022,0.00942214,0.0104243,0.295873,0.279144,-0.467748,-0.532186,0.326992,0.246136,0.0344828,0.137931,0.927213,0.962609,2.89536,1.92271,0,0,9.89655,5.58621,7.60999,3.69084,0.563811,0.679859,0.563811,0.708452,0.0143404,0.011665,0.0651333,0.174226,-0.957079,-0.941594,0.215976,0.130178,1.42308,1.11538,0.93455,0.410113,2.76331,1.84763,0,0,9.96154,5.57692,6.19083,2.78254,0.762645,0.686273,0.794537,0.954414,0.00849292,0.00553434,0.379117,0.452145,-0.504248,-0.582759,0.199286,0.118382,1.4878,0.951219,1.02531,0.523246,2.92623,2.07436,0,0,10.122,5.39024,6.64366,3.70137,0.772965,0.767012,0.837236,0.987344,0.00803776,0.00603003,0.399498,0.424751,-0.496831,-0.393626,0.21522,0.129608,1.41379,0.827586,1.03579,0.478408,2.92628,1.99168,0,0,10.0345,5.51724,6.65398,3.21522,0.732438,0.740426,0.794712,0.930681,0.00835797,0.00683449,0.385436,0.382271,-0.723364,-0.426232,0.444675,0.964924,0.0803571,0.0178571,-0.962906,0,1.23653,1,0,0,13.1518,8.01786,0.968033,0.0175383,0.408396,0.0388945,0.408396,0.0388945,0.0130715,0.0148328,0.121438,0.0388945,-0.889663,11450,0.427569,0.958352,0.0957447,0.0212766,-1.31762,6.38304e+08,1.23868,1,0,0,13.117,8.02128,0.975668,0.0208239,0.425146,0.0447092,0.425146,0.0447092,0.0126753,0.0147301,0.137068,0.0447092,-0.893844,14351.6,0.480639,0.960984,0.019802,0.00990099,0.591815,4.02915,1.26684,1.0098,0,0,13.0891,8.0297,1.09107,0.0486227,0.359993,0.0481907,0.359993,0.0481907,0.0147743,0.0150745,0.042234,0.0241147,-0.921067,-0.8058,0.454777,0.979594,0.0618557,0.0103093,2.11003,-3.0408,1.26932,1.0102,0,0,13.134,8.01031,0.96142,0.010203,0.389711,0.0249276,0.389711,0.0249276,0.0135674,0.015062,0.100766,0.0249276,-0.716958,-0.18054,0,0,0,0,0,0,0,0,0,0,0,0,0,0,-0,-0,-0,-0,0,0,-0,-0,0,0,0,0,0,0,0,0,0,0,0,0,0,0,0,0,-0,-0,-0,-0,0,0,-0,-0,0,0,0,0,0,0,0,0,0,0,0,0,0,0,0,0,-0,-0,-0,-0,0,0,-0,-0,0,0,0,0,0,0,0,0,0,0,0,0,0,0,0,0,-0,-0,-0,-0,0,0,-0,-0,0,0,handwaving
0.375,1,0.25,0,3.99984,0,1.25,1,0,0,9.25,8,0.6875,0,0.451532,-4.34882e-06,0.451532,-4.34882e-06,0.00952148,0.0153809,0.24421,-4.34882e-06,-0.5,-0,0.388889,1,0.5,0,7.7497,0,1.22222,1,0,0,9.16667,8,0.472222,0,0.439234,-4.34882e-06,0.439234,-4.34882e-06,0.00756836,0.0153809,0.301021,-4.34882e-06,-0.955502,-0,0.41358,1,0.166667,0,3.02489,0,1.24691,1,0,0,9.27778,8,0.756173,0,0.426025,-4.34882e-06,0.426025,-4.34882e-06,0.0110406,0.0153809,0.195668,-4.34882e-06,-0.517852,-0,0.539062,1,0.0625,0,-0.333318,0,1.1875,1,0,0,9.4375,8,0.746094,0,0.337635,-4.34882e-06,0.337635,-4.34882e-06,0.0135498,0.0153809,0.101526,-4.34882e-06,-0.739525,-0,0,0,0,0,0,0,0,0,0,0,0,0,0,0,-0,-0,-0,-0,0,0,-0,-0,0,0,0,0,0,0,0,0,0,0,0,0,0,0,0,0,-0,-0,-0,-0,0,0,-0,-0,0,0,0,0,0,0,0,0,0,0,0,0,0,0,0,0,-0,-0,-0,-0,0,0,-0,-0,0,0,0,0,0,0,0,0,0,0,0,0,0,0,0,0,-0,-0,-0,-0,0,0,-0,-0,0,0,1,1,0,0,0,0,1,1,0,0,10,10,0,0,-4.34882e-06,-4.34882e-06,-4.34882e-06,-4.34882e-06,0.0153809,0.0153809,-4.34882e-06,-4.34882e-06,-0,-0,1,1,0,0,0,0,1,1,0,0,10,10,0,0,-4.34882e-06,-4.34882e-06,-4.34882e-06,-4.34882e-06,0.0153809,0.0153809,-4.34882e-06,-4.34882e-06,-0,-0,1,1,0,0,0,0,1,1,0,0,10,10,0,0,-4.34882e-06,-4.34882e-06,-4.34882e-06,-4.34882e-06,0.0153809,0.0153809,-4.34882e-06,-4.34882e-06,-0,-0,1,1,0,0,0,0,1,1,0,0,10,10,0,0,-4.34882e-06,-4.34882e-06,-4.34882e-06,-4.34882e-06,0.0153809,0.0153809,-4.34882e-06,-4.34882e-06,-0,-0,0,0,0,0,0,0,0,0,0,0,0,0,0,0,-0,-0,-0,-0,0,0,-0,-0,0,0,0,0,0,0,0,0,0,0,0,0,0,0,0,0,-0,-0,-0,-0,0,0,-0,-0,0,0,0,0,0,0,0,0,0,0,0,0,0,0,0,0,-0,-0,-0,-0,0,0,-0,-0,0,0,0,0,0,0,0,0,0,0,0,0,0,0,0,0,-0,-0,-0,-0,0,0,-0,-0,0,0,handwaving
0,0,0,0,0,0,0,0,0,0,0,0,0,0,-0,-0,-0,-0,0,0,-0,-0,0,0,0,0,0,0,0,0,0,0,0,0,0,0,0,0,-0,-0,-0,-0,0,0,-0,-0,0,0,0,0,0,0,0,0,0,0,0,0,0,0,0,0,-0,-0,-0,-0,0,0,-0,-0,0,0,0,0,0,0,0,0,0,0,0,0,0,0,0,0,-0,-0,-0,-0,0,0,-0,-0,0,0,0,0,0,0,0,0,0,0,0,0,0,0,0,0,-0,-0,-0,-0,0,0,-0,-0,0,0,0,0,0,0,0,0,0,0,0,0,0,0,0,0,-0,-0,-0,-0,0,0,-0,-0,0,0,0,0,0,0,0,0,0,0,0,0,0,0,0,0,-0,-0,-0,-0,0,0,-0,-0,0,0,0,0,0,0,0,0,0,0,0,0,0,0,0,0,-0,-0,-0,-0,0,0,-0,-0,0,0,0,0,0,0,0,0,0,0,0,0,0,0,0,0,-0,-0,-0,-0,0,0,-0,-0,0,0,0,0,0,0,0,0,0,0,0,0,0,0,0,0,-0,-0,-0,-0,0,0,-0,-0,0,0,0,0,0,0,0,0,0,0,0,0,0,0,0,0,-0,-0,-0,-0,0,0,-0,-0,0,0,0,0,0,0,0,0,0,0,0,0,0,0,0,0,-0,-0,-0,-0,0,0,-0,-0,0,0,0,0,0,0,0,0,0,0,0,0,0,0,0,0,-0,-0,-0,-0,0,0,-0,-0,0,0,0,0,0,0,0,0,0,0,0,0,0,0,0,0,-0,-0,-0,-0,0,0,-0,-0,0,0,0,0,0,0,0,0,0,0,0,0,0,0,0,0,-0,-0,-0,-0,0,0,-0,-0,0,0,0,0,0,0,0,0,0,0,0,0,0,0,0,0,-0,-0,-0,-0,0,0,-0,-0,0,0,handwaving
0,0,0,0,0,0,0,0,0,0,0,0,0,0,-0,-0,-0,-0,0,0,-0,-0,0,0,0,0,0,0,0,0,0,0,0,0,0,0,0,0,-0,-0,-0,-0,0,0,-0,-0,0,0,0,0,0,0,0,0,0,0,0,0,0,0,0,0,-0,-0,-0,-0,0,0,-0,-0,0,0,0,0,0,0,0,0,0,0,0,0,0,0,0,0,-0,-0,-0,-0,0,0,-0,-0,0,0,0,0,0,0,0,0,0,0,0,0,0,0,0,0,-0,-0,-0,-0,0,0,-0,-0,0,0,0,0,0,0,0,0,0,0,0,0,0,0,0,0,-0,-0,-0,-0,0,0,-0,-0,0,0,0,0,0,0,0,0,0,0,0,0,0,0,0,0,-0,-0,-0,-0,0,0,-0,-0,0,0,0,0,0,0,0,0,0,0,0,0,0,0,0,0,-0,-0,-0,-0,0,0,-0,-0,0,0,0,0,0,0,0,0,0,0,0,0,0,0,0,0,-0,-0,-0,-0,0,0,-0,-0,0,0,0,0,0,0,0,0,0,0,0,0,0,0,0,0,-0,-0,-0,-0,0,0,-0,-0,0,0,0,0,0,0,0,0,0,0,0,0,0,0,0,0,-0,-0,-0,-0,0,0,-0,-0,0,0,0,0,0,0,0,0,0,0,0,0,0,0,0,0,-0,-0,-0,-0,0,0,-0,-0,0,0,0,0,0,0,0,0,0,0,0,0,0,0,0,0,-0,-0,-0,-0,0,0,-0,-0,0,0,0,0,0,0,0,0,0,0,0,0,0,0,0,0,-0,-0,-0,-0,0,0,-0,-0,0,0,0,0,0,0,0,0,0,0,0,0,0,0,0,0,-0,-0,-0,-0,0,0,-0,-0,0,0,0,0,0,0,0,0,0,0,0,0,0,0,0,0,-0,-0,-0,-0,0,0,-0,-0,0,0,handwaving
0,0,0,0,0,0,0,0,0,0,0,0,0,0,-0,-0,-0,-0,0,0,-0,-0,0,0,0,0,0,0,0,0,0,0,0,0,0,0,0,0,-0,-0,-0,-0,0,0,-0,-0,0,0,0,0,0,0,0,0,0,0,0,0,0,0,0,0,-0,-0,-0,-0,0,0,-0,-0,0,0,0,0,0,0,0,0,0,0,0,0,0,0,0,0,-0,-0,-0,-0,0,0,-0,-0,0,0,0,0,0,0,0,0,0,0,0,0,0,0,0,0,-0,-0,-0,-0,0,0,-0,-0,0,0,0,0,0,0,0,0,0,0,0,0,0,0,0,0,-0,-0,-0,-0,0,0,-0,-0,0,0,0,0,0,0,0,0,0,0,0,0,0,0,0,0,-0,-0,-0,-0,0,0,-0,-0,0,0,0,0,0,0,0,0,0,0,0,0,0,0,0,0,-0,-0,-0,-0,0,0,-0,-0,0,0,0,0,0,0,0,0,0,0,0,0,0,0,0,0,-0,-0,-0,-0,0,0,-0,-0,0,0,0,0,0,0,0,0,0,0,0,0,0,0,0,0,-0,-0,-0,-0,0,0,-0,-0,0,0,0,0,0,0,0,0,0,0,0,0,0,0,0,0,-0,-0,-0,-0,0,0,-0,-0,0,0,0,0,0,0,0,0,0,0,0,0,0,0,0,0,-0,-0,-0,-0,0,0,-0,-0,0,0,0,0,0,0,0,0,0,0,0,0,0,0,0,0,-0,-0,-0,-0,0,0,-0,-0,0,0,0,0,0,0,0,0,0,0,0,0,0,0,0,0,-0,-0,-0,-0,0,0,-0,-0,0,0,0,0,0,0,0,0,0,0,0,0,0,0,0,0,-0,-0,-0,-0,0,0,-0,-0,0,0,0,0,0,0,0,0,0,0,0,0,0,0,0,0,-0,-0,-0,-0,0,0,-0,-0,0,0,handwaving
0.722222,1,0.166667,0,0,0,1,1,0,0,2.16667,8,0.138889,0,0.195668,-4.34882e-06,0.195668,-4.34882e-06,0.0110406,0.0153809,0.195668,-4.34882e-06,146629,-0,0.5,1,0.5,0,0,0,1,1,0,0,2.5,8,0.25,0,0.301021,-4.34882e-06,0.301021,-4.34882e-06,0.00756836,0.0153809,0.301021,-4.34882e-06,505649,-0,0.555556,1,0.333333,0,0,0,1,1,0,0,2.33333,8,0.222222,0,0.276426,-4.34882e-06,0.276426,-4.34882e-06,0.00843642,0.0153809,0.276426,-4.34882e-06,319682,-0,1,1,0,0,0,0,1,1,0,0,2,8,0,0,-4.34882e-06,-4.34882e-06,-4.34882e-06,-4.34882e-06,0.0153809,0.0153809,-4.34882e-06,-4.34882e-06,-0,-0,0,0,0,0,0,0,0,0,0,0,0,0,0,0,-0,-0,-0,-0,0,0,-0,-0,0,0,0,0,0,0,0,0,0,0,0,0,0,0,0,0,-0,-0,-0,-0,0,0,-0,-0,0,0,0,0,0,0,0,0,0,0,0,0,0,0,0,0,-0,-0,-0,-0,0,0,-0,-0,0,0,0,0,0,0,0,0,0,0,0,0,0,0,0,0,-0,-0,-0,-0,0,0,-0,-0,0,0,0,0,0,0,0,0,0,0,0,0,0,0,0,0,-0,-0,-0,-0,0,0,-0,-0,0,0,0,0,0,0,0,0,0,0,0,0,0,0,0,0,-0,-0,-0,-0,0,0,-0,-0,0,0,0,0,0,0,0,0,0,0,0,0,0,0,0,0,-0,-0,-0,-0,0,0,-0,-0,0,0,0,0,0,0,0,0,0,0,0,0,0,0,0,0,-0,-0,-0,-0,0,0,-0,-0,0,0,0,0,0,0,0,0,0,0,0,0,0,0,0,0,-0,-0,-0,-0,0,0,-0,-0,0,0,0,0,0,0,0,0,0,0,0,0,0,0,0,0,-0,-0,-0,-0,0,0,-0,-0,0,0,0,0,0,0,0,0,0,0,0,0,0,0,0,0,-0,-0,-0,-0,0,0,-0,-0,0,0,0,0,0,0,0,0,0,0,0,0,0,0,0,0,-0,-0,-0,-0,0,0,-0,-0,0,0,handwaving
1,1,0,0,0,0,1,1,0,0,4,8,0,0,-4.34882e-06,-4.34882e-06,-4.34882e-06,-4.34882e-06,0.0153809,0.0153809,-4.34882e-06,-4.34882e-06,-0,-0,1,1,0,0,0,0,1,1,0,0,4,8,0,0,-4.34882e-06,-4.34882e-06,-4.34882e-06,-4.34882e-06,0.0153809,0.0153809,-4.34882e-06,-4.34882e-06,-0,-0,1,1,0,0,0,0,1,1,0,0,4,8,0,0,-4.34882e-06,-4.34882e-06,-4.34882e-06,-4.34882e-06,0.0153809,0.0153809,-4.34882e-06,-4.34882e-06,-0,-0,0,0,0,0,0,0,0,0,0,0,0,0,0,0,-0,-0,-0,-0,0,0,-0,-0,0,0,0.288735,0.85544,7.70588,0,0.987857,0.999925,12.3087,1.07228,0,0,4.17647,4.15686,34.6505,0.28912,0.590827,0.119388,0.590827,0.119388,0.0107432,0.0153809,0.229102,-4.34882e-06,-0.659185,-0.999643,0.27388,0.844273,8.46809,0.0851064,0.971246,1.31769e+06,12.8416,1,0,0,4.34043,4.08511,36.3341,0.0778633,0.596878,0.1264,0.632163,0.1264,0.00816606,0.0129476,0.352838,0.1264,-0.45315,69612.4,0.28101,0.839951,5.31579,0.0877193,0.74867,8.77193e+08,12.0292,1,0,0,4.19298,4.08772,38.6488,0.0800246,0.577402,0.129076,0.656187,0.129076,0.00880191,0.0128801,0.327203,0.129076,-0.37935,71172.4,0.251736,0.847222,9.375,0.0833333,0.0244444,8.33334e+08,10.375,1,0,0,5.04167,4.08333,34.4566,0.0763889,0.585906,0.124563,0.641841,0.124563,0.00695801,0.0129937,0.400187,0.124563,-0.461723,67167.6,0,0,0,0,0,0,0,0,0,0,0,0,0,0,-0,-0,-0,-0,0,0,-0,-0,0,0,0,0,0,0,0,0,0,0,0,0,0,0,0,0,-0,-0,-0,-0,0,0,-0,-0,0,0,0,0,0,0,0,0,0,0,0,0,0,0,0,0,-0,-0,-0,-0,0,0,-0,-0,0,0,0,0,0,0,0,0,0,0,0,0,0,0,0,0,-0,-0,-0,-0,0,0,-0,-0,0,0,0,0,0,0,0,0,0,0,0,0,0,0,0,0,-0,-0,-0,-0,0,0,-0,-0,0,0,0,0,0,0,0,0,0,0,0,0,0,0,0,0,-0,-0,-0,-0,0,0,-0,-0,0,0,0,0,0,0,0,0,0,0,0,0,0,0,0,0,-0,-0,-0,-0,0,0,-0,-0,0,0,0,0,0,0,0,0,0,0,0,0,0,0,0,0,-0,-0,-0,-0,0,0,-0,-0,0,0,handwaving
0,0,0,0,0,0,0,0,0,0,0,0,0,0,-0,-0,-0,-0,0,0,-0,-0,0,0,0,0,0,0,0,0,0,0,0,0,0,0,0,0,-0,-0,-0,-0,0,0,-0,-0,0,0,0,0,0,0,0,0,0,0,0,0,0,0,0,0,-0,-0,-0,-0,0,0,-0,-0,0,0,0,0,0,0,0,0,0,0,0,0,0,0,0,0,-0,-0,-0,-0,0,0,-0,-0,0,0,0.42,0.66,0.1,0.1,-0.249994,1.62492,1.24,1.16,0,0,7.1,5.7,0.89,0.41,0.409678,0.277515,0.409678,0.277515,0.0125684,0.0125684,0.141173,0.141173,-0.658564,-0.445918,0.364198,0.796296,0.166667,0.0555556,0.099995,1.5624,1.24691,1.09877,0,0,7.05556,5.83333,0.830247,0.25,0.445717,0.184931,0.491785,0.184931,0.0110406,0.0137412,0.195668,0.0931731,-0.369614,-0.447976,0.312723,0.64566,0.344828,0.172414,-0.0134402,-0.487148,1.44233,1.09275,0,0,7.17241,5.75862,1.03924,0.252081,0.509999,0.261882,0.572276,0.312272,0.00943556,0.0109219,0.282999,0.199633,-0.272293,-0.0618237,0.31,0.605,0.4,0.25,0.351843,-6.36781,1.54,1.0475,0,0,7.2,5.75,1.16,0.1875,0.52358,0.24421,0.57242,0.298537,0.00920898,0.00952148,0.298537,0.24421,-0.343527,-0.761881,1,1,0,0,0,0,1,1,0,0,14,8,0,0,-4.34882e-06,-4.34882e-06,-4.34882e-06,-4.34882e-06,0.0153809,0.0153809,-4.34882e-06,-4.34882e-06,-0,-0,0,0,0,0,0,0,0,0,0,0,0,0,0,0,-0,-0,-0,-0,0,0,-0,-0,0,0,0,0,0,0,0,0,0,0,0,0,0,0,0,0,-0,-0,-0,-0,0,0,-0,-0,0,0,0,0,0,0,0,0,0,0,0,0,0,0,0,0,-0,-0,-0,-0,0,0,-0,-0,0,0,0,0,0,0,0,0,0,0,0,0,0,0,0,0,-0,-0,-0,-0,0,0,-0,-0,0,0,0,0,0,0,0,0,0,0,0,0,0,0,0,0,-0,-0,-0,-0,0,0,-0,-0,0,0,0,0,0,0,0,0,0,0,0,0,0,0,0,0,-0,-0,-0,-0,0,0,-0,-0,0,0,0,0,0,0,0,0,0,0,0,0,0,0,0,0,-0,-0,-0,-0,0,0,-0,-0,0,0,handwaving
1,1,0,0,0,0,1,1,0,0,8,8,0,0,-4.34882e-06,-4.34882e-06,-4.34882e-06,-4.34882e-06,0.0153809,0.0153809,-4.34882e-06,-4.34882e-06,-0,-0,0,0,0,0,0,0,0,0,0,0,0,0,0,0,-0,-0,-0,-0,0,0,-0,-0,0,0,1,1,0,0,0,0,1,1,0,0,8,8,0,0,-4.34882e-06,-4.34882e-06,-4.34882e-06,-4.34882e-06,0.0153809,0.0153809,-4.34882e-06,-4.34882e-06,-0,-0,1,1,0,0,0,0,1,1,0,0,8,8,0,0,-4.34882e-06,-4.34882e-06,-4.34882e-06,-4.34882e-06,0.0153809,0.0153809,-4.34882e-06,-4.34882e-06,-0,-0,0.45375,0.905,0.025,0,0.811295,0.999908,1.3975,1.0475,0,0,7.075,5.9,1.56938,0.19,0.386655,0.0862054,0.386655,0.0862054,0.0146191,0.0153809,0.0507633,-4.34882e-06,-0.874313,-0.999143,0.320184,0.768573,0.384615,0.128205,-0.212916,0.638841,1.54964,1.07101,0,0,7.05128,5.87179,1.22814,0.111769,0.516262,0.166309,0.56949,0.203777,0.00954588,0.0118881,0.287683,0.166309,-0.336429,-0.0347421,0.321865,0.804436,0.361702,0.106383,0.071811,0.643886,1.5043,1.05976,0,0,7,5.89362,1.14894,0.0950656,0.510416,0.147167,0.567542,0.178257,0.00952414,0.0124101,0.284486,0.147167,-0.314004,-0.0300604,0.31775,0.848064,0.324324,0.0810811,0.409561,0.999912,1.41198,1.05113,0,0,6.97297,5.91892,0.99927,0.0745069,0.502216,0.122203,0.564334,0.144612,0.00944587,0.0130525,0.277779,0.122203,-0.274729,-0.048524,0,0,0,0,0,0,0,0,0,0,0,0,0,0,-0,-0,-0,-0,0,0,-0,-0,0,0,0,0,0,0,0,0,0,0,0,0,0,0,0,0,-0,-0,-0,-0,0,0,-0,-0,0,0,0,0,0,0,0,0,0,0,0,0,0,0,0,0,-0,-0,-0,-0,0,0,-0,-0,0,0,0,0,0,0,0,0,0,0,0,0,0,0,0,0,-0,-0,-0,-0,0,0,-0,-0,0,0,0,0,0,0,0,0,0,0,0,0,0,0,0,0,-0,-0,-0,-0,0,0,-0,-0,0,0,0,0,0,0,0,0,0,0,0,0,0,0,0,0,-0,-0,-0,-0,0,0,-0,-0,0,0,0,0,0,0,0,0,0,0,0,0,0,0,0,0,-0,-0,-0,-0,0,0,-0,-0,0,0,0,0,0,0,0,0,0,0,0,0,0,0,0,0,-0,-0,-0,-0,0,0,-0,-0,0,0,handwaving
1,0.755102,0,0,0,0.999943,1,1.12245,0,0,8,8.28572,0,0.489796,-4.34882e-06,0.178103,-4.34882e-06,0.178103,0.0153809,0.0153809,-4.34882e-06,-4.40059e-06,-0,-0.999898,1,0.52,0,0.4,0,-5.66644,1,1.24,0,0,8,8.4,0,0.24,-4.34882e-06,0.292277,-4.34882e-06,0.292277,0.0153809,0.00788086,-4.34882e-06,0.292277,-0,-0.759017,1,0.555556,0,0.333333,0,-4.99981,1,1.22222,0,0,8,8.33333,0,0.222222,-4.34882e-06,0.276426,-4.34882e-06,0.276426,0.0153809,0.00843642,-4.34882e-06,0.276426,-0,-0.637013,1,0.625,0,0.25,0,-4.33313,1,1.1875,0,0,8,8.25,0,0.1875,-4.34882e-06,0.24421,-4.34882e-06,0.24421,0.0153809,0.00952148,-4.34882e-06,0.24421,-0,-0.511591,0,0,0,0,0,0,0,0,0,0,0,0,0,0,-0,-0,-0,-0,0,0,-0,-0,0,0,0,0,0,0,0,0,0,0,0,0,0,0,0,0,-0,-0,-0,-0,0,0,-0,-0,0,0,0,0,0,0,0,0,0,0,0,0,0,0,0,0,-0,-0,-0,-0,0,0,-0,-0,0,0,0,0,0,0,0,0,0,0,0,0,0,0,0,0,-0,-0,-0,-0,0,0,-0,-0,0,0,0,0,0,0,0,0,0,0,0,0,0,0,0,0,-0,-0,-0,-0,0,0,-0,-0,0,0,0,0,0,0,0,0,0,0,0,0,0,0,0,0,-0,-0,-0,-0,0,0,-0,-0,0,0,0,0,0,0,0,0,0,0,0,0,0,0,0,0,-0,-0,-0,-0,0,0,-0,-0,0,0,0,0,0,0,0,0,0,0,0,0,0,0,0,0,-0,-0,-0,-0,0,0,-0,-0,0,0,0,0,0,0,0,0,0,0,0,0,0,0,0,0,-0,-0,-0,-0,0,0,-0,-0,0,0,0,0,0,0,0,0,0,0,0,0,0,0,0,0,-0,-0,-0,-0,0,0,-0,-0,0,0,0,0,0,0,0,0,0,0,0,0,0,0,0,0,-0,-0,-0,-0,0,0,-0,-0,0,0,0,0,0,0,0,0,0,0,0,0,0,0,0,0,-0,-0,-0,-0,0,0,-0,-0,0,0,handwaving
0,0,0,0,0,0,0,0,0,0,0,0,0,0,-0,-0,-0,-0,0,0,-0,-0,0,0,0,0,0,0,0,0,0,0,0,0,0,0,0,0,-0,-0,-0,-0,0,0,-0,-0,0,0,0,0,0,0,0,0,0,0,0,0,0,0,0,0,-0,-0,-0,-0,0,0,-0,-0,0,0,0,0,0,0,0,0,0,0,0,0,0,0,0,0,-0,-0,-0,-0,0,0,-0,-0,0,0,0,0,0,0,0,0,0,0,0,0,0,0,0,0,-0,-0,-0,-0,0,0,-0,-0,0,0,0,0,0,0,0,0,0,0,0,0,0,0,0,0,-0,-0,-0,-0,0,0,-0,-0,0,0,0,0,0,0,0,0,0,0,0,0,0,0,0,0,-0,-0,-0,-0,0,0,-0,-0,0,0,0,0,0,0,0,0,0,0,0,0,0,0,0,0,-0,-0,-0,-0,0,0,-0,-0,0,0,0,0,0,0,0,0,0,0,0,0,0,0,0,0,-0,-0,-0,-0,0,0,-0,-0,0,0,0,0,0,0,0,0,0,0,0,0,0,0,0,0,-0,-0,-0,-0,0,0,-0,-0,0,0,0,0,0,0,0,0,0,0,0,0,0,0,0,0,-0,-0,-0,-0,0,0,-0,-0,0,0,0,0,0,0,0,0,0,0,0,0,0,0,0,0,-0,-0,-0,-0,0,0,-0,-0,0,0,0,0,0,0,0,0,0,0,0,0,0,0,0,0,-0,-0,-0,-0,0,0,-0,-0,0,0,0,0,0,0,0,0,0,0,0,0,0,0,0,0,-0,-0,-0,-0,0,0,-0,-0,0,0,0,0,0,0,0,0,0,0,0,0,0,0,0,0,-0,-0,-0,-0,0,0,-0,-0,0,0,0,0,0,0,0,0,0,0,0,0,0,0,0,0,-0,-0,-0,-0,0,0,-0,-0,0,0,handwaving
0,0,0,0,0,0,0,0,0,0,0,0,0,0,-0,-0,-0,-0,0,0,-0,-0,0,0,0,0,0,0,0,0,0,0,0,0,0,0,0,0,-0,-0,-0,-0,0,0,-0,-0,0,0,0,0,0,0,0,0,0,0,0,0,0,0,0,0,-0,-0,-0,-0,0,0,-0,-0,0,0,0,0,0,0,0,0,0,0,0,0,0,0,0,0,-0,-0,-0,-0,0,0,-0,-0,0,0,0,0,0,0,0,0,0,0,0,0,0,0,0,0,-0,-0,-0,-0,0,0,-0,-0,0,0,0,0,0,0,0,0,0,0,0,0,0,0,0,0,-0,-0,-0,-0,0,0,-0,-0,0,0,0,0,0,0,0,0,0,0,0,0,0,0,0,0,-0,-0,-0,-0,0,0,-0,-0,0,0,0,0,0,0,0,0,0,0,0,0,0,0,0,0,-0,-0,-0,-0,0,0,-0,-0,0,0,0,0,0,0,0,0,0,0,0,0,0,0,0,0,-0,-0,-0,-0,0,0,-0,-0,0,0,0,0,0,0,0,0,0,0,0,0,0,0,0,0,-0,-0,-0,-0,0,0,-0,-0,0,0,0,0,0,0,0,0,0,0,0,0,0,0,0,0,-0,-0,-0,-0,0,0,-0,-0,0,0,0,0,0,0,0,0,0,0,0,0,0,0,0,0,-0,-0,-0,-0,0,0,-0,-0,0,0,0,0,0,0,0,0,0,0,0,0,0,0,0,0,-0,-0,-0,-0,0,0,-0,-0,0,0,0,0,0,0,0,0,0,0,0,0,0,0,0,0,-0,-0,-0,-0,0,0,-0,-0,0,0,0,0,0,0,0,0,0,0,0,0,0,0,0,0,-0,-0,-0,-0,0,0,-0,-0,0,0,0,0,0,0,0,0,0,0,0,0,0,0,0,0,-0,-0,-0,-0,0,0,-0,-0,0,0,handwaving
0,0,0,0,0,0,0,0,0,0,0,0,0,0,-0,-0,-0,-0,0,0,-0,-0,0,0,0,0,0,0,0,0,0,0,0,0,0,0,0,0,-0,-0,-0,-0,0,0,-0,-0,0,0,0,0,0,0,0,0,0,0,0,0,0,0,0,0,-0,-0,-0,-0,0,0,-0,-0,0,0,0,0,0,0,0,0,0,0,0,0,0,0,0,0,-0,-0,-0,-0,0,0,-0,-0,0,0,0,0,0,0,0,0,0,0,0,0,0,0,0,0,-0,-0,-0,-0,0,0,-0,-0,0,0,0,0,0,0,0,0,0,0,0,0,0,0,0,0,-0,-0,-0,-0,0,0,-0,-0,0,0,0,0,0,0,0,0,0,0,0,0,0,0,0,0,-0,-0,-0,-0,0,0,-0,-0,0,0,0,0,0,0,0,0,0,0,0,0,0,0,0,0,-0,-0,-0,-0,0,0,-0,-0,0,0,0,0,0,0,0,0,0,0,0,0,0,0,0,0,-0,-0,-0,-0,0,0,-0,-0,0,0,0,0,0,0,0,0,0,0,0,0,0,0,0,0,-0,-0,-0,-0,0,0,-0,-0,0,0,0,0,0,0,0,0,0,0,0,0,0,0,0,0,-0,-0,-0,-0,0,0,-0,-0,0,0,0,0,0,0,0,0,0,0,0,0,0,0,0,0,-0,-0,-0,-0,0,0,-0,-0,0,0,0,0,0,0,0,0,0,0,0,0,0,0,0,0,-0,-0,-0,-0,0,0,-0,-0,0,0,0,0,0,0,0,0,0,0,0,0,0,0,0,0,-0,-0,-0,-0,0,0,-0,-0,0,0,0,0,0,0,0,0,0,0,0,0,0,0,0,0,-0,-0,-0,-0,0,0,-0,-0,0,0,0,0,0,0,0,0,0,0,0,0,0,0,0,0,-0,-0,-0,-0,0,0,-0,-0,0,0,handwaving
0,0,0,0,0,0,0,0,0,0,0,0,0,0,-0,-0,-0,-0,0,0,-0,-0,0,0,0,0,0,0,0,0,0,0,0,0,0,0,0,0,-0,-0,-0,-0,0,0,-0,-0,0,0,0,0,0,0,0,0,0,0,0,0,0,0,0,0,-0,-0,-0,-0,0,0,-0,-0,0,0,0,0,0,0,0,0,0,0,0,0,0,0,0,0,-0,-0,-0,-0,0,0,-0,-0,0,0,0,0,0,0,0,0,0,0,0,0,0,0,0,0,-0,-0,-0,-0,0,0,-0,-0,0,0,0,0,0,0,0,0,0,0,0,0,0,0,0,0,-0,-0,-0,-0,0,0,-0,-0,0,0,0,0,0,0,0,0,0,0,0,0,0,0,0,0,-0,-0,-0,-0,0,0,-0,-0,0,0,0,0,0,0,0,0,0,0,0,0,0,0,0,0,-0,-0,-0,-0,0,0,-0,-0,0,0,0,0,0,0,0,0,0,0,0,0,0,0,0,0,-0,-0,-0,-0,0,0,-0,-0,0,0,0,0,0,0,0,0,0,0,0,0,0,0,0,0,-0,-0,-0,-0,0,0,-0,-0,0,0,0,0,0,0,0,0,0,0,0,0,0,0,0,0,-0,-0,-0,-0,0,0,-0,-0,0,0,0,0,0,0,0,0,0,0,0,0,0,0,0,0,-0,-0,-0,-0,0,0,-0,-0,0,0,0,0,0,0,0,0,0,0,0,0,0,0,0,0,-0,-0,-0,-0,0,0,-0,-0,0,0,0,0,0,0,0,0,0,0,0,0,0,0,0,0,-0,-0,-0,-0,0,0,-0,-0,0,0,0,0,0,0,0,0,0,0,0,0,0,0,0,0,-0,-0,-0,-0,0,0,-0,-0,0,0,0,0,0,0,0,0,0,0,0,0,0,0,0,0,-0,-0,-0,-0,0,0,-0,-0,0,0,handwaving
0,0,0,0,0,0,0,0,0,0,0,0,0,0,-0,-0,-0,-0,0,0,-0,-0,0,0,0,0,0,0,0,0,0,0,0,0,0,0,0,0,-0,-0,-0,-0,0,0,-0,-0,0,0,0,0,0,0,0,0,0,0,0,0,0,0,0,0,-0,-0,-0,-0,0,0,-0,-0,0,0,0,0,0,0,0,0,0,0,0,0,0,0,0,0,-0,-0,-0,-0,0,0,-0,-0,0,0,0,0,0,0,0,0,0,0,0,0,0,0,0,0,-0,-0,-0,-0,0,0,-0,-0,0,0,0,0,0,0,0,0,0,0,0,0,0,0,0,0,-0,-0,-0,-0,0,0,-0,-0,0,0,0,0,0,0,0,0,0,0,0,0,0,0,0,0,-0,-0,-0,-0,0,0,-0,-0,0,0,0,0,0,0,0,0,0,0,0,0,0,0,0,0,-0,-0,-0,-0,0,0,-0,-0,0,0,0,0,0,0,0,0,0,0,0,0,0,0,0,0,-0,-0,-0,-0,0,0,-0,-0,0,0,0,0,0,0,0,0,0,0,0,0,0,0,0,0,-0,-0,-0,-0,0,0,-0,-0,0,0,0,0,0,0,0,0,0,0,0,0,0,0,0,0,-0,-0,-0,-0,0,0,-0,-0,0,0,0,0,0,0,0,0,0,0,0,0,0,0,0,0,-0,-0,-0,-0,0,0,-0,-0,0,0,0,0,0,0,0,0,0,0,0,0,0,0,0,0,-0,-0,-0,-0,0,0,-0,-0,0,0,0,0,0,0,0,0,0,0,0,0,0,0,0,0,-0,-0,-0,-0,0,0,-0,-0,0,0,0,0,0,0,0,0,0,0,0,0,0,0,0,0,-0,-0,-0,-0,0,0,-0,-0,0,0,0,0,0,0,0,0,0,0,0,0,0,0,0,0,-0,-0,-0,-0,0,0,-0,-0,0,0,handwaving
0,0,0,0,0,0,0,0,0,0,0,0,0,0,-0,-0,-0,-0,0,0,-0,-0,0,0,0,0,0,0,0,0,0,0,0,0,0,0,0,0,-0,-0,-0,-0,0,0,-0,-0,0,0,0,0,0,0,0,0,0,0,0,0,0,0,0,0,-0,-0,-0,-0,0,0,-0,-0,0,0,0,0,0,0,0,0,0,0,0,0,0,0,0,0,-0,-0,-0,-0,0,0,-0,-0,0,0,0,0,0,0,0,0,0,0,0,0,0,0,0,0,-0,-0,-0,-0,0,0,-0,-0,0,0,0,0,0,0,0,0,0,0,0,0,0,0,0,0,-0,-0,-0,-0,0,0,-0,-0,0,0,0,0,0,0,0,0,0,0,0,0,0,0,0,0,-0,-0,-0,-0,0,0,-0,-0,0,0,0,0,0,0,0,0,0,0,0,0,0,0,0,0,-0,-0,-0,-0,0,0,-0,-0,0,0,0,0,0,0,0,0,0,0,0,0,0,0,0,0,-0,-0,-0,-0,0,0,-0,-0,0,0,0,0,0,0,0,0,0,0,0,0,0,0,0,0,-0,-0,-0,-0,0,0,-0,-0,0,0,0,0,0,0,0,0,0,0,0,0,0,0,0,0,-0,-0,-0,-0,0,0,-0,-0,0,0,0,0,0,0,0,0,0,0,0,0,0,0,0,0,-0,-0,-0,-0,0,0,-0,-0,0,0,0,0,0,0,0,0,0,0,0,0,0,0,0,0,-0,-0,-0,-0,0,0,-0,-0,0,0,0,0,0,0,0,0,0,0,0,0,0,0,0,0,-0,-0,-0,-0,0,0,-0,-0,0,0,0,0,0,0,0,0,0,0,0,0,0,0,0,0,-0,-0,-0,-0,0,0,-0,-0,0,0,0,0,0,0,0,0,0,0,0,0,0,0,0,0,-0,-0,-0,-0,0,0,-0,-0,0,0,handwaving
0,0,0,0,0,0,0,0,0,0,0,0,0,0,-0,-0,-0,-0,0,0,-0,-0,0,0,0,0,0,0,0,0,0,0,0,0,0,0,0,0,-0,-0,-0,-0,0,0,-0,-0,0,0,0,0,0,0,0,0,0,0,0,0,0,0,0,0,-0,-0,-0,-0,0,0,-0,-0,0,0,0,0,0,0,0,0,0,0,0,0,0,0,0,0,-0,-0,-0,-0,0,0,-0,-0,0,0,0,0,0,0,0,0,0,0,0,0,0,0,0,0,-0,-0,-0,-0,0,0,-0,-0,0,0,0,0,0,0,0,0,0,0,0,0,0,0,0,0,-0,-0,-0,-0,0,0,-0,-0,0,0,0,0,0,0,0,0,0,0,0,0,0,0,0,0,-0,-0,-0,-0,0,0,-0,-0,0,0,0,0,0,0,0,0,0,0,0,0,0,0,0,0,-0,-0,-0,-0,0,0,-0,-0,0,0,0,0,0,0,0,0,0,0,0,0,0,0,0,0,-0,-0,-0,-0,0,0,-0,-0,0,0,0,0,0,0,0,0,0,0,0,0,0,0,0,0,-0,-0,-0,-0,0,0,-0,-0,0,0,0,0,0,0,0,0,0,0,0,0,0,0,0,0,-0,-0,-0,-0,0,0,-0,-0,0,0,0,0,0,0,0,0,0,0,0,0,0,0,0,0,-0,-0,-0,-0,0,0,-0,-0,0,0,0,0,0,0,0,0,0,0,0,0,0,0,0,0,-0,-0,-0,-0,0,0,-0,-0,0,0,0,0,0,0,0,0,0,0,0,0,0,0,0,0,-0,-0,-0,-0,0,0,-0,-0,0,0,0,0,0,0,0,0,0,0,0,0,0,0,0,0,-0,-0,-0,-0,0,0,-0,-0,0,0,0,0,0,0,0,0,0,0,0,0,0,0,0,0,-0,-0,-0,-0,0,0,-0,-0,0,0,handwaving
0,0,0,0,0,0,0,0,0,0,0,0,0,0,-0,-0,-0,-0,0,0,-0,-0,0,0,0,0,0,0,0,0,0,0,0,0,0,0,0,0,-0,-0,-0,-0,0,0,-0,-0,0,0,0,0,0,0,0,0,0,0,0,0,0,0,0,0,-0,-0,-0,-0,0,0,-0,-0,0,0,0,0,0,0,0,0,0,0,0,0,0,0,0,0,-0,-0,-0,-0,0,0,-0,-0,0,0,0,0,0,0,0,0,0,0,0,0,0,0,0,0,-0,-0,-0,-0,0,0,-0,-0,0,0,0,0,0,0,0,0,0,0,0,0,0,0,0,0,-0,-0,-0,-0,0,0,-0,-0,0,0,0,0,0,0,0,0,0,0,0,0,0,0,0,0,-0,-0,-0,-0,0,0,-0,-0,0,0,0,0,0,0,0,0,0,0,0,0,0,0,0,0,-0,-0,-0,-0,0,0,-0,-0,0,0,0,0,0,0,0,0,0,0,0,0,0,0,0,0,-0,-0,-0,-0,0,0,-0,-0,0,0,0,0,0,0,0,0,0,0,0,0,0,0,0,0,-0,-0,-0,-0,0,0,-0,-0,0,0,0,0,0,0,0,0,0,0,0,0,0,0,0,0,-0,-0,-0,-0,0,0,-0,-0,0,0,0,0,0,0,0,0,0,0,0,0,0,0,0,0,-0,-0,-0,-0,0,0,-0,-0,0,0,0,0,0,0,0,0,0,0,0,0,0,0,0,0,-0,-0,-0,-0,0,0,-0,-0,0,0,0,0,0,0,0,0,0,0,0,0,0,0,0,0,-0,-0,-0,-0,0,0,-0,-0,0,0,0,0,0,0,0,0,0,0,0,0,0,0,0,0,-0,-0,-0,-0,0,0,-0,-0,0,0,0,0,0,0,0,0,0,0,0,0,0,0,0,0,-0,-0,-0,-0,0,0,-0,-0,0,0,handwaving
0,0,0,0,0,0,0,0,0,0,0,0,0,0,-0,-0,-0,-0,0,0,-0,-0,0,0,0,0,0,0,0,0,0,0,0,0,0,0,0,0,-0,-0,-0,-0,0,0,-0,-0,0,0,0,0,0,0,0,0,0,0,0,0,0,0,0,0,-0,-0,-0,-0,0,0,-0,-0,0,0,0,0,0,0,0,0,0,0,0,0,0,0,0,0,-0,-0,-0,-0,0,0,-0,-0,0,0,0,0,0,0,0,0,0,0,0,0,0,0,0,0,-0,-0,-0,-0,0,0,-0,-0,0,0,0,0,0,0,0,0,0,0,0,0,0,0,0,0,-0,-0,-0,-0,0,0,-0,-0,0,0,0,0,0,0,0,0,0,0,0,0,0,0,0,0,-0,-0,-0,-0,0,0,-0,-0,0,0,0,0,0,0,0,0,0,0,0,0,0,0,0,0,-0,-0,-0,-0,0,0,-0,-0,0,0,0,0,0,0,0,0,0,0,0,0,0,0,0,0,-0,-0,-0,-0,0,0,-0,-0,0,0,0,0,0,0,0,0,0,0,0,0,0,0,0,0,-0,-0,-0,-0,0,0,-0,-0,0,0,0,0,0,0,0,0,0,0,0,0,0,0,0,0,-0,-0,-0,-0,0,0,-0,-0,0,0,0,0,0,0,0,0,0,0,0,0,0,0,0,0,-0,-0,-0,-0,0,0,-0,-0,0,0,0,0,0,0,0,0,0,0,0,0,0,0,0,0,-0,-0,-0,-0,0,0,-0,-0,0,0,0,0,0,0,0,0,0,0,0,0,0,0,0,0,-0,-0,-0,-0,0,0,-0,-0,0,0,0,0,0,0,0,0,0,0,0,0,0,0,0,0,-0,-0,-0,-0,0,0,-0,-0,0,0,0,0,0,0,0,0,0,0,0,0,0,0,0,0,-0,-0,-0,-0,0,0,-0,-0,0,0,handwaving
0,0,0,0,0,0,0,0,0,0,0,0,0,0,-0,-0,-0,-0,0,0,-0,-0,0,0,0,0,0,0,0,0,0,0,0,0,0,0,0,0,-0,-0,-0,-0,0,0,-0,-0,0,0,0,0,0,0,0,0,0,0,0,0,0,0,0,0,-0,-0,-0,-0,0,0,-0,-0,0,0,0,0,0,0,0,0,0,0,0,0,0,0,0,0,-0,-0,-0,-0,0,0,-0,-0,0,0,0,0,0,0,0,0,0,0,0,0,0,0,0,0,-0,-0,-0,-0,0,0,-0,-0,0,0,0,0,0,0,0,0,0,0,0,0,0,0,0,0,-0,-0,-0,-0,0,0,-0,-0,0,0,0,0,0,0,0,0,0,0,0,0,0,0,0,0,-0,-0,-0,-0,0,0,-0,-0,0,0,0,0,0,0,0,0,0,0,0,0,0,0,0,0,-0,-0,-0,-0,0,0,-0,-0,0,0,0,0,0,0,0,0,0,0,0,0,0,0,0,0,-0,-0,-0,-0,0,0,-0,-0,0,0,0,0,0,0,0,0,0,0,0,0,0,0,0,0,-0,-0,-0,-0,0,0,-0,-0,0,0,0,0,0,0,0,0,0,0,0,0,0,0,0,0,-0,-0,-0,-0,0,0,-0,-0,0,0,0,0,0,0,0,0,0,0,0,0,0,0,0,0,-0,-0,-0,-0,0,0,-0,-0,0,0,0,0,0,0,0,0,0,0,0,0,0,0,0,0,-0,-0,-0,-0,0,0,-0,-0,0,0,0,0,0,0,0,0,0,0,0,0,0,0,0,0,-0,-0,-0,-0,0,0,-0,-0,0,0,0,0,0,0,0,0,0,0,0,0,0,0,0,0,-0,-0,-0,-0,0,0,-0,-0,0,0,0,0,0,0,0,0,0,0,0,0,0,0,0,0,-0,-0,-0,-0,0,0,-0,-0,0,0,handwaving
0,0,0,0,0,0,0,0,0,0,0,0,0,0,-0,-0,-0,-0,0,0,-0,-0,0,0,0,0,0,0,0,0,0,0,0,0,0,0,0,0,-0,-0,-0,-0,0,0,-0,-0,0,0,0,0,0,0,0,0,0,0,0,0,0,0,0,0,-0,-0,-0,-0,0,0,-0,-0,0,0,0,0,0,0,0,0,0,0,0,0,0,0,0,0,-0,-0,-0,-0,0,0,-0,-0,0,0,0,0,0,0,0,0,0,0,0,0,0,0,0,0,-0,-0,-0,-0,0,0,-0,-0,0,0,0,0,0,0,0,0,0,0,0,0,0,0,0,0,-0,-0,-0,-0,0,0,-0,-0,0,0,0,0,0,0,0,0,0,0,0,0,0,0,0,0,-0,-0,-0,-0,0,0,-0,-0,0,0,0,0,0,0,0,0,0,0,0,0,0,0,0,0,-0,-0,-0,-0,0,0,-0,-0,0,0,0,0,0,0,0,0,0,0,0,0,0,0,0,0,-0,-0,-0,-0,0,0,-0,-0,0,0,0,0,0,0,0,0,0,0,0,0,0,0,0,0,-0,-0,-0,-0,0,0,-0,-0,0,0,0,0,0,0,0,0,0,0,0,0,0,0,0,0,-0,-0,-0,-0,0,0,-0,-0,0,0,0,0,0,0,0,0,0,0,0,0,0,0,0,0,-0,-0,-0,-0,0,0,-0,-0,0,0,0,0,0,0,0,0,0,0,0,0,0,0,0,0,-0,-0,-0,-0,0,0,-0,-0,0,0,0,0,0,0,0,0,0,0,0,0,0,0,0,0,-0,-0,-0,-0,0,0,-0,-0,0,0,0,0,0,0,0,0,0,0,0,0,0,0,0,0,-0,-0,-0,-0,0,0,-0,-0,0,0,0,0,0,0,0,0,0,0,0,0,0,0,0,0,-0,-0,-0,-0,0,0,-0,-0,0,0,handwaving
0,0,0,0,0,0,0,0,0,0,0,0,0,0,-0,-0,-0,-0,0,0,-0,-0,0,0,0,0,0,0,0,0,0,0,0,0,0,0,0,0,-0,-0,-0,-0,0,0,-0,-0,0,0,0,0,0,0,0,0,0,0,0,0,0,0,0,0,-0,-0,-0,-0,0,0,-0,-0,0,0,0,0,0,0,0,0,0,0,0,0,0,0,0,0,-0,-0,-0,-0,0,0,-0,-0,0,0,0,0,0,0,0,0,0,0,0,0,0,0,0,0,-0,-0,-0,-0,0,0,-0,-0,0,0,0,0,0,0,0,0,0,0,0,0,0,0,0,0,-0,-0,-0,-0,0,0,-0,-0,0,0,0,0,0,0,0,0,0,0,0,0,0,0,0,0,-0,-0,-0,-0,0,0,-0,-0,0,0,0,0,0,0,0,0,0,0,0,0,0,0,0,0,-0,-0,-0,-0,0,0,-0,-0,0,0,0,0,0,0,0,0,0,0,0,0,0,0,0,0,-0,-0,-0,-0,0,0,-0,-0,0,0,0,0,0,0,0,0,0,0,0,0,0,0,0,0,-0,-0,-0,-0,0,0,-0,-0,0,0,0,0,0,0,0,0,0,0,0,0,0,0,0,0,-0,-0,-0,-0,0,0,-0,-0,0,0,0,0,0,0,0,0,0,0,0,0,0,0,0,0,-0,-0,-0,-0,0,0,-0,-0,0,0,0,0,0,0,0,0,0,0,0,0,0,0,0,0,-0,-0,-0,-0,0,0,-0,-0,0,0,0,0,0,0,0,0,0,0,0,0,0,0,0,0,-0,-0,-0,-0,0,0,-0,-0,0,0,0,0,0,0,0,0,0,0,0,0,0,0,0,0,-0,-0,-0,-0,0,0,-0,-0,0,0,0,0,0,0,0,0,0,0,0,0,0,0,0,0,-0,-0,-0,-0,0,0,-0,-0,0,0,handwaving
0,0,0,0,0,0,0,0,0,0,0,0,0,0,-0,-0,-0,-0,0,0,-0,-0,0,0,0,0,0,0,0,0,0,0,0,0,0,0,0,0,-0,-0,-0,-0,0,0,-0,-0,0,0,0,0,0,0,0,0,0,0,0,0,0,0,0,0,-0,-0,-0,-0,0,0,-0,-0,0,0,0,0,0,0,0,0,0,0,0,0,0,0,0,0,-0,-0,-0,-0,0,0,-0,-0,0,0,0,0,0,0,0,0,0,0,0,0,0,0,0,0,-0,-0,-0,-0,0,0,-0,-0,0,0,0,0,0,0,0,0,0,0,0,0,0,0,0,0,-0,-0,-0,-0,0,0,-0,-0,0,0,0,0,0,0,0,0,0,0,0,0,0,0,0,0,-0,-0,-0,-0,0,0,-0,-0,0,0,0,0,0,0,0,0,0,0,0,0,0,0,0,0,-0,-0,-0,-0,0,0,-0,-0,0,0,0,0,0,0,0,0,0,0,0,0,0,0,0,0,-0,-0,-0,-0,0,0,-0,-0,0,0,0,0,0,0,0,0,0,0,0,0,0,0,0,0,-0,-0,-0,-0,0,0,-0,-0,0,0,0,0,0,0,0,0,0,0,0,0,0,0,0,0,-0,-0,-0,-0,0,0,-0,-0,0,0,0,0,0,0,0,0,0,0,0,0,0,0,0,0,-0,-0,-0,-0,0,0,-0,-0,0,0,0,0,0,0,0,0,0,0,0,0,0,0,0,0,-0,-0,-0,-0,0,0,-0,-0,0,0,0,0,0,0,0,0,0,0,0,0,0,0,0,0,-0,-0,-0,-0,0,0,-0,-0,0,0,0,0,0,0,0,0,0,0,0,0,0,0,0,0,-0,-0,-0,-0,0,0,-0,-0,0,0,0,0,0,0,0,0,0,0,0,0,0,0,0,0,-0,-0,-0,-0,0,0,-0,-0,0,0,handwaving
0,0,0,0,0,0,0,0,0,0,0,0,0,0,-0,-0,-0,-0,0,0,-0,-0,0,0,0,0,0,0,0,0,0,0,0,0,0,0,0,0,-0,-0,-0,-0,0,0,-0,-0,0,0,0,0,0,0,0,0,0,0,0,0,0,0,0,0,-0,-0,-0,-0,0,0,-0,-0,0,0,0,0,0,0,0,0,0,0,0,0,0,0,0,0,-0,-0,-0,-0,0,0,-0,-0,0,0,0,0,0,0,0,0,0,0,0,0,0,0,0,0,-0,-0,-0,-0,0,0,-0,-0,0,0,0,0,0,0,0,0,0,0,0,0,0,0,0,0,-0,-0,-0,-0,0,0,-0,-0,0,0,0,0,0,0,0,0,0,0,0,0,0,0,0,0,-0,-0,-0,-0,0,0,-0,-0,0,0,0,0,0,0,0,0,0,0,0,0,0,0,0,0,-0,-0,-0,-0,0,0,-0,-0,0,0,0,0,0,0,0,0,0,0,0,0,0,0,0,0,-0,-0,-0,-0,0,0,-0,-0,0,0,0,0,0,0,0,0,0,0,0,0,0,0,0,0,-0,-0,-0,-0,0,0,-0,-0,0,0,0,0,0,0,0,0,0,0,0,0,0,0,0,0,-0,-0,-0,-0,0,0,-0,-0,0,0,0,0,0,0,0,0,0,0,0,0,0,0,0,0,-0,-0,-0,-0,0,0,-0,-0,0,0,0,0,0,0,0,0,0,0,0,0,0,0,0,0,-0,-0,-0,-0,0,0,-0,-0,0,0,0,0,0,0,0,0,0,0,0,0,0,0,0,0,-0,-0,-0,-0,0,0,-0,-0,0,0,0,0,0,0,0,0,0,0,0,0,0,0,0,0,-0,-0,-0,-0,0,0,-0,-0,0,0,0,0,0,0,0,0,0,0,0,0,0,0,0,0,-0,-0,-0,-0,0,0,-0,-0,0,0,handwaving
0,0,0,0,0,0,0,0,0,0,0,0,0,0,-0,-0,-0,-0,0,0,-0,-0,0,0,0,0,0,0,0,0,0,0,0,0,0,0,0,0,-0,-0,-0,-0,0,0,-0,-0,0,0,0,0,0,0,0,0,0,0,0,0,0,0,0,0,-0,-0,-0,-0,0,0,-0,-0,0,0,0,0,0,0,0,0,0,0,0,0,0,0,0,0,-0,-0,-0,-0,0,0,-0,-0,0,0,0,0,0,0,0,0,0,0,0,0,0,0,0,0,-0,-0,-0,-0,0,0,-0,-0,0,0,0,0,0,0,0,0,0,0,0,0,0,0,0,0,-0,-0,-0,-0,0,0,-0,-0,0,0,0,0,0,0,0,0,0,0,0,0,0,0,0,0,-0,-0,-0,-0,0,0,-0,-0,0,0,0,0,0,0,0,0,0,0,0,0,0,0,0,0,-0,-0,-0,-0,0,0,-0,-0,0,0,0,0,0,0,0,0,0,0,0,0,0,0,0,0,-0,-0,-0,-0,0,0,-0,-0,0,0,0,0,0,0,0,0,0,0,0,0,0,0,0,0,-0,-0,-0,-0,0,0,-0,-0,0,0,0,0,0,0,0,0,0,0,0,0,0,0,0,0,-0,-0,-0,-0,0,0,-0,-0,0,0,0,0,0,0,0,0,0,0,0,0,0,0,0,0,-0,-0,-0,-0,0,0,-0,-0,0,0,0,0,0,0,0,0,0,0,0,0,0,0,0,0,-0,-0,-0,-0,0,0,-0,-0,0,0,0,0,0,0,0,0,0,0,0,0,0,0,0,0,-0,-0,-0,-0,0,0,-0,-0,0,0,0,0,0,0,0,0,0,0,0,0,0,0,0,0,-0,-0,-0,-0,0,0,-0,-0,0,0,0,0,0,0,0,0,0,0,0,0,0,0,0,0,-0,-0,-0,-0,0,0,-0,-0,0,0,handwaving
0,0,0,0,0,0,0,0,0,0,0,0,0,0,-0,-0,-0,-0,0,0,-0,-0,0,0,0,0,0,0,0,0,0,0,0,0,0,0,0,0,-0,-0,-0,-0,0,0,-0,-0,0,0,0,0,0,0,0,0,0,0,0,0,0,0,0,0,-0,-0,-0,-0,0,0,-0,-0,0,0,0,0,0,0,0,0,0,0,0,0,0,0,0,0,-0,-0,-0,-0,0,0,-0,-0,0,0,0,0,0,0,0,0,0,0,0,0,0,0,0,0,-0,-0,-0,-0,0,0,-0,-0,0,0,0,0,0,0,0,0,0,0,0,0,0,0,0,0,-0,-0,-0,-0,0,0,-0,-0,0,0,0,0,0,0,0,0,0,0,0,0,0,0,0,0,-0,-0,-0,-0,0,0,-0,-0,0,0,0,0,0,0,0,0,0,0,0,0,0,0,0,0,-0,-0,-0,-0,0,0,-0,-0,0,0,0,0,0,0,0,0,0,0,0,0,0,0,0,0,-0,-0,-0,-0,0,0,-0,-0,0,0,0,0,0,0,0,0,0,0,0,0,0,0,0,0,-0,-0,-0,-0,0,0,-0,-0,0,0,0,0,0,0,0,0,0,0,0,0,0,0,0,0,-0,-0,-0,-0,0,0,-0,-0,0,0,0,0,0,0,0,0,0,0,0,0,0,0,0,0,-0,-0,-0,-0,0,0,-0,-0,0,0,0,0,0,0,0,0,0,0,0,0,0,0,0,0,-0,-0,-0,-0,0,0,-0,-0,0,0,0,0,0,0,0,0,0,0,0,0,0,0,0,0,-0,-0,-0,-0,0,0,-0,-0,0,0,0,0,0,0,0,0,0,0,0,0,0,0,0,0,-0,-0,-0,-0,0,0,-0,-0,0,0,0,0,0,0,0,0,0,0,0,0,0,0,0,0,-0,-0,-0,-0,0,0,-0,-0,0,0,handwaving
0,0,0,0,0,0,0,0,0,0,0,0,0,0,-0,-0,-0,-0,0,0,-0,-0,0,0,0,0,0,0,0,0,0,0,0,0,0,0,0,0,-0,-0,-0,-0,0,0,-0,-0,0,0,0,0,0,0,0,0,0,0,0,0,0,0,0,0,-0,-0,-0,-0,0,0,-0,-0,0,0,0,0,0,0,0,0,0,0,0,0,0,0,0,0,-0,-0,-0,-0,0,0,-0,-0,0,0,0,0,0,0,0,0,0,0,0,0,0,0,0,0,-0,-0,-0,-0,0,0,-0,-0,0,0,0,0,0,0,0,0,0,0,0,0,0,0,0,0,-0,-0,-0,-0,0,0,-0,-0,0,0,0,0,0,0,0,0,0,0,0,0,0,0,0,0,-0,-0,-0,-0,0,0,-0,-0,0,0,0,0,0,0,0,0,0,0,0,0,0,0,0,0,-0,-0,-0,-0,0,0,-0,-0,0,0,0,0,0,0,0,0,0,0,0,0,0,0,0,0,-0,-0,-0,-0,0,0,-0,-0,0,0,0,0,0,0,0,0,0,0,0,0,0,0,0,0,-0,-0,-0,-0,0,0,-0,-0,0,0,0,0,0,0,0,0,0,0,0,0,0,0,0,0,-0,-0,-0,-0,0,0,-0,-0,0,0,0,0,0,0,0,0,0,0,0,0,0,0,0,0,-0,-0,-0,-0,0,0,-0,-0,0,0,0,0,0,0,0,0,0,0,0,0,0,0,0,0,-0,-0,-0,-0,0,0,-0,-0,0,0,0,0,0,0,0,0,0,0,0,0,0,0,0,0,-0,-0,-0,-0,0,0,-0,-0,0,0,0,0,0,0,0,0,0,0,0,0,0,0,0,0,-0,-0,-0,-0,0,0,-0,-0,0,0,0,0,0,0,0,0,0,0,0,0,0,0,0,0,-0,-0,-0,-0,0,0,-0,-0,0,0,handwaving
